115801 115804
115801 115802
115802 115804
115801 115803
115802 115803
115803 115804
115801 115805
115802 115805
115803 115805
115804 115805
115801 115806
115802 115806
115803 115806
115804 115806
115805 115806
115801 115807
115802 115807
115803 115807
115804 115807
115805 115807
115806 115807
115801 115808
115802 115808
115803 115808
115804 115808
115805 115808
115806 115808
115807 115808
115801 115809
115802 115809
115803 115809
115804 115809
115805 115809
115806 115809
115807 115809
115808 115809
115801 115810
115802 115810
115803 115810
115804 115810
115805 115810
115806 115810
115807 115810
115808 115810
115809 115810
104501 115801
104501 115802
104501 115803
104501 115807
104501 115808
105701 115801
105701 115802
105701 115803
105701 115807
105701 115808
110601 115801
110601 115802
110601 112201
112201 115801
105701 112601
112201 112601
112601 115801
112601 115802
112601 115803
112601 115807
112601 115808
112601 115809
112201 113301
113301 115801
110601 113401
112201 113401
113401 115801
113401 115803
113401 115807
113401 115808
115701 115801
115701 115803
115701 115807
115701 115808
115701 115809
115801 117101
115801 117301
115802 117301
106701 115802
106701 117301
108902 115802
110601 111901
111901 112201
111901 112601
111901 115802
115701 115707
115707 115802
115802 117102
115803 117102
117101 117102
115802 117103
115808 117103
115809 117103
117101 117103
117102 117103
105701 105902
105902 112601
105902 115803
113602 115803
115803 117105
117101 117105
117102 117105
117103 117105
111301 115807
113401 114801
114801 115807
114801 115808
114801 117301
105701 112603
112601 112603
112603 115808
115808 117002
117002 117102
117002 117103
117002 117105
113205 115809
100701 104501
104301 104501
104301 112601
104301 117105
104501 104502
104501 104503
104502 104503
104501 104504
104502 104504
104503 104504
105701 105702
105701 105703
105702 105703
105701 105704
105702 105704
105703 105704
105701 105705
105702 105705
105703 105705
105704 105705
105701 105706
105702 105706
105703 105706
105704 105706
105705 105706
105701 105707
105702 105707
105703 105707
105704 105707
105705 105707
105706 105707
105701 105708
105702 105708
105703 105708
105704 105708
105705 105708
105706 105708
105707 105708
105701 112604
112601 112604
112603 112604
105701 113302
110601 113302
113301 113302
113302 113401
100301 110601
102901 110601
102901 117301
103202 110601
103202 111901
103202 117301
102901 103701
103202 103701
103701 105902
103701 110601
103701 111901
103701 112601
103701 114801
104001 104502
104001 110601
104001 111901
104601 110601
102901 105301
105301 110601
105301 111901
105301 117301
106701 109001
109001 110601
109401 110601
109401 111901
109401 109402
109402 110601
109402 111901
109501 110601
109501 117301
109501 109502
109502 110601
109401 110501
109402 110501
109501 110501
110501 110601
110501 111901
110501 112201
110501 113301
110501 113302
110501 117301
109001 110502
109401 110502
109402 110502
109502 110502
110501 110502
110502 110601
110502 113301
110502 113302
110501 110602
110502 110602
110601 110602
110602 111901
110601 110603
110602 110603
110601 110604
110602 110604
110603 110604
110601 110605
110602 110605
110603 110605
110604 110605
109401 111903
109501 111903
110501 111903
110601 111903
111901 111903
111903 112601
111903 115701
109401 111904
110501 111904
110502 111904
110601 111904
111901 111904
111903 111904
111904 112601
110601 112001
110602 112001
110501 112202
110601 112202
112201 112202
112202 113302
112202 113401
110501 113902
110502 113902
110601 113902
111301 113902
113401 113902
113902 114801
113902 117301
103701 116310
110601 116310
110602 116310
111901 116310
111903 116310
116310 117301
101901 112201
101901 112601
102901 103301
103301 112201
103301 117301
106701 110201
110201 112201
110201 113902
100701 111501
103301 111501
109501 111501
111501 111901
111501 111903
111501 111904
111501 112201
112201 112203
112202 112203
112201 113001
112201 113701
112202 113701
113301 113701
113701 116310
105301 115201
112201 115201
113401 115201
112201 116701
101801 112601
107303 112601
107303 117102
107805 108902
107805 110501
107805 111901
107805 112601
102901 107901
103701 107901
105301 107901
106701 107901
107303 107901
107901 109502
107901 111501
107901 111901
107901 112601
107901 113301
107901 115201
107901 116310
107901 117301
108902 111902
109401 111902
109402 111902
110501 111902
110502 111902
111501 111902
111901 111902
111902 111903
111902 111904
111902 112601
105902 112402
112402 112601
112402 112603
112402 112604
112402 114801
111903 112602
111904 112602
112601 112602
112602 112603
112602 112604
105902 112605
112402 112605
112601 112605
112602 112605
112603 112605
112604 112605
110501 112801
112402 112801
112601 112801
112801 113302
112801 113401
112801 117301
105902 112802
107303 112802
109502 112802
112601 112802
112602 112802
112801 112802
112802 113401
112802 113602
112601 116202
105402 113301
105402 117301
103701 106201
106201 107901
106201 113301
106201 117301
105702 106202
106201 106202
106202 107901
106202 113301
106202 117301
100701 108901
103701 108901
106701 108901
107805 108901
107901 108901
108901 108902
108901 111501
108901 113301
108901 114801
110901 113301
110901 113302
113101 113301
113101 113102
113102 113301
113102 113302
113301 113303
113302 113303
113303 116310
107901 114001
110501 114001
113301 114001
113302 114001
114001 115701
114001 117301
100701 114002
110501 114002
110502 114002
111904 114002
113301 114002
113302 114002
113401 114002
114001 114002
114002 114801
114002 115701
102901 117402
113301 117402
117105 117402
117301 117402
101602 106202
101602 113401
103701 109901
109501 109901
109901 110201
109901 111501
109901 113401
109901 113602
109901 116202
109901 117301
109901 109902
109902 112402
109902 113401
109902 113602
101602 113402
107303 113402
113401 113402
113401 113403
113402 113403
113401 113404
113402 113404
113403 113404
113401 113405
113402 113405
113403 113405
113404 113405
103701 113901
107901 113901
110201 113901
110501 113901
113401 113901
113901 113902
113901 117301
103202 114802
109901 114802
110501 114802
110502 114802
113401 114802
113602 114802
114002 114802
114801 114802
102901 115202
113401 115202
115201 115202
112802 115702
114002 115702
115701 115702
115702 115707
115701 115703
115702 115703
115703 115707
115701 115704
115702 115704
115703 115704
115704 115707
115701 115705
115702 115705
115703 115705
115704 115705
115705 115707
115701 115706
115702 115706
115703 115706
115704 115706
115705 115706
115706 115707
107901 116401
115701 116401
116401 116701
110501 116501
114001 116501
115701 116501
116401 116501
114002 116502
115701 116502
115702 116502
116401 116502
116501 116502
102403 117101
101901 104801
104801 117101
106701 107307
107303 107307
107307 107901
107307 117101
107602 117101
112801 116801
116801 117101
116801 117301
103701 116901
104601 116901
116401 116901
116801 116901
116901 117101
104601 116905
116901 116905
116905 117101
116905 117102
117001 117002
117001 117101
117001 117103
117101 117104
117102 117104
117103 117104
117104 117105
117101 117501
101301 113902
101301 117301
101301 101302
101302 117301
102901 103201
103201 103202
103201 103701
103201 116901
103201 117301
102901 103501
103201 103501
103301 103501
103501 103701
103501 116501
103501 117301
104801 104901
104901 117301
105401 105402
105401 107901
105401 111901
105401 117301
105401 105404
105402 105404
105404 107901
105404 111901
105404 117301
105404 105601
105601 106201
105601 117301
105802 117301
103701 106204
105702 106204
106201 106204
106202 106204
106204 107307
106204 116701
106204 117301
101302 106502
103701 106502
106201 106502
106204 106502
106502 107303
106502 107307
106502 117301
106201 107101
106502 107101
107101 107901
107101 111301
107101 111501
107101 117301
107101 108301
108301 108901
108301 111501
108301 111901
108301 113901
108301 117102
108301 117301
108301 108302
108302 117301
103501 108801
105401 108801
105402 108801
107101 108801
107303 108801
107307 108801
107901 108801
108801 112202
108801 116202
108801 117103
108801 117105
108801 117301
104001 109201
106204 109201
108901 109201
108902 109201
109201 109501
109201 109502
109201 111501
109201 111901
109201 116905
109201 117301
109201 109202
109202 109501
109202 111904
109202 117301
104901 109505
106701 109505
107901 109505
109501 109505
109502 109505
109505 109901
109505 110501
109505 111901
109505 117301
105802 115502
115502 117301
115502 115503
115503 117301
106204 115601
107901 115601
115201 115601
115202 115601
115601 117301
115503 116001
116001 116310
116001 117301
107901 116301
109202 116301
110501 116301
110502 116301
115502 116301
115503 116301
116301 116310
116301 117105
116301 117301
107901 116303
109401 116303
115502 116303
116001 116303
116301 116303
116303 116310
116303 117301
114802 117202
117202 117301
105802 117203
116001 117203
117202 117203
117203 117301
105401 117302
105402 117302
105404 117302
105802 117302
117301 117302
105402 117303
105802 117303
112202 117303
112801 117303
112802 117303
113302 117303
117301 117303
117302 117303
105402 117304
105404 117304
105802 117304
117301 117304
117302 117304
117303 117304
117301 117305
117302 117305
117303 117305
117304 117305
100904 106701
102001 104901
102001 106701
102001 111901
106601 106701
106601 106604
106604 106701
106601 106702
106701 106702
106701 106703
106702 106703
106601 106704
106604 106704
106701 106704
106702 106704
106703 106704
106701 106705
106702 106705
106703 106705
106704 106705
106701 106901
106901 108901
105301 109804
106701 109804
106204 107801
107801 107805
107801 108901
107801 108902
105402 108602
108602 108902
108602 109202
108602 109502
108701 108902
108701 116301
108701 108702
108702 108902
108901 108903
108902 108903
108901 108904
108902 108904
108903 108904
103701 108905
107307 108905
107805 108905
107901 108905
108602 108905
108901 108905
108902 108905
108903 108905
108904 108905
108905 109201
108905 109202
108905 109401
108905 109501
108905 109505
108905 111901
108905 111903
108905 115704
108905 116303
108905 117104
107805 108906
107901 108906
108602 108906
108702 108906
108901 108906
108902 108906
108903 108906
108904 108906
108905 108906
108906 109201
108906 109202
108906 109502
108906 111904
108906 113602
108901 108907
108902 108907
108903 108907
108904 108907
108905 108907
108906 108907
108901 108908
108902 108908
108903 108908
108904 108908
108905 108908
108906 108908
108907 108908
108901 108909
108902 108909
108903 108909
108904 108909
108905 108909
108906 108909
108907 108909
108908 108909
108901 108910
108902 108910
108903 108910
108904 108910
108905 108910
108906 108910
108907 108910
108908 108910
108909 108910
108902 110801
109902 110801
106202 111502
108301 111502
108302 111502
108902 111502
108905 111502
109201 111502
109202 111502
109402 111502
111301 111502
111501 111502
111502 112202
111502 116310
108902 111601
111501 111601
111502 111601
111601 117102
105401 109701
107101 109701
107901 109701
109401 109701
109402 109701
109701 111901
109701 112402
109701 113901
109701 110301
110201 110301
110301 110501
110301 111901
110301 113902
111901 111905
111902 111905
111903 111905
111904 111905
111901 111906
111902 111906
111903 111906
111904 111906
111905 111906
111901 111907
111902 111907
111903 111907
111904 111907
111905 111907
111906 111907
111901 111908
111902 111908
111903 111908
111904 111908
111905 111908
111906 111908
111907 111908
111901 111909
111902 111909
111903 111909
111904 111909
111905 111909
111906 111909
111907 111909
111908 111909
101302 116201
108801 116201
109901 116201
109902 116201
111901 116201
111902 116201
116201 116202
107301 107303
107301 107307
107301 107901
107301 109001
107301 117102
107301 107302
107302 107303
107302 107307
107302 117102
110104 116301
110104 117102
109901 110202
110201 110202
110202 110502
110202 113901
110202 113902
110202 114802
110202 117102
116801 116802
116802 116905
116802 117102
116802 117103
116802 117105
102403 116902
104601 116902
112202 116902
116802 116902
116901 116902
116902 116905
116902 117102
105404 110101
109501 110101
110101 110104
110101 115201
110101 117103
103701 105304
104801 105304
105301 105304
105304 105902
105304 107901
105304 110101
103701 105901
105901 105902
105901 107901
105901 111601
105901 112402
105902 111602
111601 111602
105902 112403
112402 112403
112403 112603
112403 112604
112403 112802
105901 112901
105902 112901
112603 112901
112801 112901
112901 113901
112901 114001
112901 114002
105902 112902
112604 112902
112802 112902
112901 112902
112902 114001
112902 114002
105902 113501
113501 114001
113501 114002
101602 112002
112001 112002
112002 113602
107307 113601
107805 113601
107901 113601
108905 113601
109901 113601
112901 113601
112902 113601
113302 113601
113601 113602
113601 113902
113601 114001
113601 113603
113602 113603
113601 113604
113602 113604
113603 113604
111502 114303
113601 114303
113602 114303
114303 114802
114303 116201
113602 115904
111202 117105
101301 111701
103201 111701
109902 111701
111502 111701
111701 114801
111701 116301
111701 117105
111701 111703
111703 117105
102901 102902
102902 103501
102902 105301
102902 111301
102902 116301
102902 117402
107301 107402
107302 107402
107303 107402
107402 108906
107402 109201
107402 109202
107402 110301
107402 111301
107101 108304
108301 108304
108302 108304
108304 110301
108304 111301
108304 111502
108304 112902
108304 111201
109701 111201
111201 111202
111201 111301
111201 111501
111201 111502
101602 111205
103701 111205
107901 111205
109201 111205
109401 111205
111201 111205
111202 111205
111205 111301
111205 111501
111205 111502
111205 114001
102902 111302
111301 111302
111302 111502
111302 117203
101601 101602
101601 104001
101601 112901
101601 114801
101601 114802
101601 116501
101601 116502
101301 103401
103401 103701
103401 114801
103401 114802
107301 107304
107302 107304
107303 107304
107304 107307
107304 107402
107304 114801
100701 114003
108905 114003
114001 114003
114002 114003
114003 114801
114001 114004
114002 114004
114003 114004
114004 114801
113901 114101
113902 114101
114101 114801
114101 114802
101901 114301
103501 114301
113501 114301
113902 114301
114002 114301
114301 114303
114301 114801
114301 115702
113901 114701
114701 114801
114701 117501
113901 114702
113902 114702
114701 114702
114702 114801
114702 114802
114702 117501
114701 114803
114801 114803
114802 114803
114801 114804
114802 114804
114803 114804
114801 114805
114802 114805
114803 114805
114804 114805
111004 112603
111004 114001
112502 112603
112502 112802
112603 112702
112603 118002
116901 118002
112603 118201
117001 117003
117002 117003
117001 117004
117002 117004
117003 117004
117001 117005
117002 117005
117003 117005
117004 117005
117005 117202
117005 117203
101801 103104
102902 103104
103104 104001
103104 113205
102902 103105
103104 103105
103105 104001
103105 106201
103105 113205
103104 113201
104001 113201
113201 113205
103105 113202
104301 113202
113201 113202
113202 113205
113202 116301
113201 113203
113202 113203
113203 113205
113201 113204
113202 113204
113203 113204
113204 113205
111701 114703
113205 114703
114701 114703
114702 114703
114703 114802
114703 116801
100601 100701
100601 101901
100601 104801
100601 115503
100601 116303
100601 100602
100602 100701
100602 101901
100602 115503
100602 100702
100701 100702
100702 102902
100702 104001
100701 100703
100702 100703
100703 108801
100701 100704
100702 100704
100703 100704
100701 100705
100702 100705
100703 100705
100704 100705
100701 100706
100702 100706
100703 100706
100704 100706
100705 100706
100701 100801
100702 100801
100801 101801
100801 107301
100701 100805
100702 100805
100801 100805
100701 100806
100702 100806
100801 100806
100805 100806
100701 100807
100801 100807
100805 100807
100806 100807
100701 100808
100702 100808
100801 100808
100805 100808
100806 100808
100807 100808
100701 101501
101302 101501
100701 102004
100702 102004
100808 102004
102001 102004
102004 105802
102004 111205
102004 112202
100601 102101
100701 102101
100702 102101
100801 102101
100806 102101
102101 104001
102101 104301
102101 107901
100601 102103
100701 102103
100703 102103
102101 102103
102103 111501
102103 115704
100701 104402
104402 109505
100701 107802
107402 107802
107801 107802
107802 107805
107802 108901
107802 108905
100701 111001
100801 111001
109202 111001
111001 111004
100702 102102
100801 102102
102101 102102
102102 102103
102102 104001
102102 104301
100601 102601
100602 102601
102103 102601
102601 104301
102101 103101
102102 103101
102103 103101
102901 103101
103101 103104
103101 103105
103101 103201
103101 103202
103101 103501
103101 104001
103101 104301
103101 113201
101602 103602
103602 104301
102901 104101
104101 104301
104101 104801
104101 104901
104101 107901
104101 116901
102902 104202
104101 104202
104202 104301
104202 106204
104202 104302
104301 104302
104302 104502
104301 104303
104302 104303
104503 108104
101602 106205
105702 106205
106201 106205
106202 106205
106204 106205
106205 107307
106205 107802
106205 107901
106205 108301
106205 108302
106205 116901
105702 116602
106202 116602
110201 116602
110202 116602
116401 116602
116602 116701
110901 110902
110902 113302
112202 113702
113302 113702
113701 113702
100201 100301
100201 100202
100202 100301
100202 102601
100202 102902
100202 115904
100301 100302
100301 100303
100302 100303
100301 100304
100302 100304
100303 100304
101201 101601
101201 101602
101201 102101
101201 102103
101201 102901
101201 110301
101201 114301
101201 101202
101202 102901
101202 114301
102901 102903
102902 102903
102903 114703
102903 115202
102901 103302
102902 103302
103301 103302
103302 103501
102901 103901
102902 103901
103901 109401
102901 105302
102902 105302
105301 105302
105302 105304
105302 109804
105302 115201
102901 110401
102902 110401
105301 110401
105302 110401
105401 110401
105404 110401
106204 110401
109901 110401
109902 110401
110301 110401
110401 110501
110401 116201
100702 103102
102101 103102
102902 103102
103101 103102
103102 103104
103102 103105
103102 103202
103102 103501
103102 104202
103201 103203
103202 103203
103201 103204
103202 103204
103203 103204
103201 103205
103202 103205
103203 103205
103204 103205
101301 103402
103202 103402
103401 103402
103402 114802
103402 116201
103402 116901
102902 103502
103202 103502
103402 103502
103501 103502
103502 103701
103502 114301
103202 103702
103401 103702
103402 103702
103501 103702
103502 103702
103701 103702
103702 111903
103702 114101
103702 116301
103701 103703
103702 103703
103701 103704
103702 103704
103703 103704
103701 103705
103702 103705
103703 103705
103704 103705
102902 104102
103701 104102
104101 104102
104102 104202
104102 107901
103701 105303
104801 105303
104901 105303
105301 105303
105302 105303
105303 105304
105303 105401
105303 105601
105303 107101
105303 110101
103701 114201
103702 114201
103201 114601
103701 114601
107901 114601
109501 114601
109701 114601
109902 114601
114001 114601
114601 114701
114601 117402
114601 117501
100601 116307
100602 116307
103701 116307
107901 116307
110501 116307
111701 116307
114301 116307
116301 116307
116303 116307
116307 116310
116307 117402
102903 117403
103701 117403
109902 117403
117402 117403
103701 117404
107901 117404
111701 117404
113402 117404
114703 117404
117402 117404
117403 117404
102703 104001
102101 104002
102703 104002
103101 104002
104001 104002
104002 109201
104002 113201
104001 104003
104002 104003
103105 104004
104001 104004
104002 104004
104003 104004
104004 108104
104001 104005
104002 104005
104003 104005
104004 104005
104001 104006
104002 104006
104003 104006
104004 104006
104005 104006
104001 105201
105201 105303
105201 105304
105201 105601
105201 106201
105201 111703
104601 104602
104601 104603
104602 104603
104603 104901
104601 104604
104602 104604
104603 104604
100501 100602
100501 100801
100501 101602
100501 105301
100501 105302
100501 108905
100501 108906
100501 110301
101401 105301
105301 105305
105302 105305
105303 105305
105304 105305
105301 105306
105302 105306
105303 105306
105304 105306
105305 105306
109001 109002
109101 109401
109101 109402
109401 109403
109402 109403
109401 109404
109402 109404
109403 109404
109401 109405
109402 109405
109403 109405
109404 109405
107101 109702
109401 109702
109402 109702
109701 109702
109702 110301
109702 110602
109702 111302
109702 111501
109702 111502
109702 111904
109702 116202
109201 111401
109401 111401
109402 111401
109701 111401
109702 111401
111201 111401
111205 111401
109402 111203
109702 111203
111201 111203
111202 111203
111203 111205
111203 111401
111203 111501
111203 111502
111203 113601
103301 108601
105401 108601
105402 108601
105404 108601
108601 108602
108601 109501
108601 109502
108601 109505
108601 110502
108601 116307
108801 108803
108803 108905
108803 109501
108803 111501
108803 111701
108803 114702
107301 109206
109201 109206
109202 109206
109206 109501
109206 109502
109501 109503
109502 109503
109503 109505
109501 109504
109502 109504
109503 109504
109504 109505
107805 109506
108801 109506
109501 109506
109502 109506
109503 109506
109504 109506
109505 109506
109506 111203
109501 109507
109502 109507
109503 109507
109504 109507
109505 109507
109506 109507
106307 109502
106802 107101
106802 108304
106802 108601
106802 109502
106802 110901
106802 112902
107402 111702
109202 111702
109502 111702
111701 111702
111702 111703
111702 114702
111702 114703
111702 117403
109502 118001
110501 118001
112605 118001
118001 118002
100501 102401
101201 102401
102401 102403
102401 110201
102401 110401
102401 110501
102401 115201
101201 102402
102004 102402
102401 102402
102402 102403
102402 110201
102402 110401
102402 110501
102402 115201
107802 110103
110101 110103
110103 110104
110103 110501
101201 110302
110201 110302
110301 110302
110302 110401
110302 110501
110302 114802
110501 110503
110502 110503
110501 110504
110502 110504
110503 110504
105401 110402
105402 110402
105404 110402
109901 110402
109902 110402
110401 110402
110402 110502
110402 110602
110402 114802
110402 116201
108801 116206
110401 116206
110502 116206
116201 116206
116202 116206
116206 116901
116206 117402
116206 117404
107802 116302
108702 116302
110502 116302
111702 116302
115502 116302
115702 116302
116301 116302
116302 116303
116302 116307
116302 116310
108602 116308
108801 116308
110502 116308
111702 116308
116301 116308
116302 116308
116303 116308
116307 116308
116308 116310
116308 117403
101302 102301
102301 107901
102301 111903
102301 116502
112001 112003
112002 112003
106102 112202
107203 112202
108906 114602
112202 114602
114601 114602
114602 114702
114602 115502
114602 116202
114602 117403
109902 114901
112202 114901
114901 116201
114901 116202
114901 116206
114901 116307
112202 114902
114901 114902
114902 116201
114902 116308
100201 107603
107602 107603
107603 113901
107603 113902
113901 113903
113902 113903
113901 113904
113902 113904
113903 113904
113901 113905
113902 113905
113903 113905
113904 113905
113901 113906
113902 113906
113903 113906
113904 113906
113905 113906
113906 114001
113902 114102
114101 114102
114102 114802
114102 116201
113902 117502
114702 117502
117501 117502
102501 106702
102501 106704
102501 115502
102501 115503
102501 116301
102501 116302
102501 116303
102501 116307
102501 116308
102501 116310
106801 106802
106801 106901
106801 107101
106801 108601
106801 109505
106801 116310
110703 116310
110801 110807
110807 116310
100601 115501
102501 115501
105802 115501
107301 115501
115501 115502
115501 115503
115501 116301
115501 116303
115501 116307
115501 116308
115501 116310
102501 116304
102601 116304
111702 116304
115501 116304
116301 116304
116302 116304
116303 116304
116304 116307
116304 116308
116304 116310
116304 117502
116301 116305
116302 116305
116303 116305
116304 116305
116305 116307
116305 116308
116305 116310
116301 116306
116302 116306
116303 116306
116304 116306
116305 116306
116306 116307
116306 116308
116306 116310
116301 116309
116302 116309
116303 116309
116304 116309
116305 116309
116306 116309
116307 116309
116308 116309
116309 116310
102501 116311
102601 116311
111702 116311
115501 116311
116301 116311
116302 116311
116303 116311
116304 116311
116305 116311
116306 116311
116307 116311
116308 116311
116309 116311
116310 116311
116301 116312
116302 116312
116303 116312
116304 116312
116305 116312
116306 116312
116307 116312
116308 116312
116309 116312
116310 116312
116311 116312
100602 101902
101901 101902
101901 101903
101902 101903
101903 108905
101901 101904
101902 101904
101903 101904
101901 101905
101902 101905
101903 101905
101904 101905
101901 114302
109901 114302
113001 114302
113601 114302
113701 114302
113901 114302
114301 114302
114302 114303
114302 114802
114302 116307
103301 103303
103302 103303
103301 103304
103302 103304
103303 103304
103301 103305
103302 103305
103303 103305
103304 103305
103301 108001
103302 108001
103301 110102
105404 110102
110101 110102
110102 110103
110102 110104
103301 117201
115502 117201
116001 117201
117005 117201
117201 117202
117201 117203
110201 110203
110202 110203
110201 110204
110202 110204
110203 110204
110204 114703
110201 110205
110202 110205
110203 110205
110204 110205
110205 114703
101602 111204
105402 111204
108302 111204
109201 111204
109902 111204
111201 111204
111202 111204
111203 111204
111204 111205
111204 111401
111204 111501
111204 111502
111204 114602
111204 116302
111501 111503
111502 111503
112802 113002
113001 113002
113001 113003
113002 113003
113001 113004
113002 113004
113003 113004
113701 113703
113702 113703
115201 115203
115202 115203
107901 116402
115702 116402
116401 116402
116402 116602
116402 116701
116402 116902
106202 116601
106204 116601
106205 116601
116401 116601
116402 116601
116601 116602
116601 116701
116402 116702
116502 116702
116602 116702
116701 116702
116701 116703
116702 116703
116701 116704
116702 116704
116703 116704
101301 101303
101302 101303
101303 101801
101303 103402
101303 111701
101303 115704
100805 101802
100808 101802
101601 101802
101602 101802
101801 101802
101801 101803
101802 101803
101801 101804
101802 101804
101803 101804
105601 106501
106201 106501
106501 106502
106501 107101
106501 107301
106501 107303
106501 113402
107301 107305
107302 107305
107303 107305
107304 107305
107305 107307
107301 107306
107302 107306
107303 107306
107304 107306
107305 107306
107306 107307
105404 107308
107301 107308
107302 107308
107303 107308
107304 107308
107305 107308
107306 107308
107307 107308
107308 107402
107308 107802
107308 111702
107301 107309
107302 107309
107303 107309
107304 107309
107305 107309
107306 107309
107307 107309
107308 107309
107301 107310
107302 107310
107303 107310
107304 107310
107305 107310
107306 107310
107307 107310
107308 107310
107309 107310
107301 107311
107302 107311
107303 107311
107304 107311
107305 107311
107306 107311
107307 107311
107308 107311
107309 107311
107310 107311
107302 107902
107303 107902
107304 107902
107901 107902
107902 116302
107902 116308
104302 108201
107303 108201
100801 100803
100803 100805
100803 100806
100803 100807
100803 100808
100803 107805
105103 107805
107801 107803
107802 107803
107803 107805
107803 108905
107803 108909
107803 113601
107801 107804
107802 107804
107803 107804
107804 107805
107805 109905
109901 109905
109902 109905
109905 111205
107901 107903
107902 107903
107901 107904
107902 107904
107903 107904
108801 108804
108803 108804
108804 111502
108804 111701
108804 111902
112401 112402
112401 112403
112401 112404
112402 112404
112403 112404
108905 110803
109901 110803
110801 110803
110803 110807
110803 112605
110803 116206
105401 112102
105402 112102
105404 112102
112102 112801
112102 112802
112102 114001
112102 114302
112102 116202
112801 112803
112802 112803
112801 112804
112802 112804
112803 112804
106403 106502
106403 116202
108801 116203
109901 116203
110402 116203
111201 116203
111204 116203
114201 116203
114703 116203
114901 116203
116201 116203
116202 116203
116203 116206
116203 117403
116201 116204
116202 116204
116203 116204
116204 116206
116201 116205
116202 116205
116203 116205
116204 116205
116205 116206
108801 116207
109901 116207
110401 116207
110402 116207
114901 116207
116201 116207
116202 116207
116203 116207
116204 116207
116205 116207
116206 116207
116207 116303
116207 116901
116207 116902
116207 117403
116201 116208
116202 116208
116203 116208
116204 116208
116205 116208
116206 116208
116207 116208
116201 116209
116202 116209
116203 116209
116204 116209
116205 116209
116206 116209
116207 116209
116208 116209
116201 116210
116202 116210
116203 116210
116204 116210
116205 116210
116206 116210
116207 116210
116208 116210
116209 116210
105401 105403
105402 105403
105403 105404
105401 105405
105402 105405
105403 105405
105404 105405
104101 108802
104102 108802
105201 108802
105401 108802
105402 108802
108801 108802
108802 108803
108802 108804
108802 111701
105401 112101
105402 112101
105404 112101
112101 112102
105303 105801
105404 105801
105801 105802
105801 106201
100807 106001
106001 106201
106001 106501
106001 108801
106001 108905
106201 106203
106202 106203
106203 106204
106203 106205
106201 106206
106202 106206
106203 106206
106204 106206
106205 106206
105304 106503
106201 106503
106205 106503
106501 106503
106502 106503
106503 106802
106503 114703
106503 116905
106201 116105
108801 116105
101302 102801
102801 106202
102801 114701
102801 114702
106202 106302
106204 106302
106205 106302
106302 106307
106302 107308
106202 106402
106402 106403
107701 108901
108102 108104
108102 108201
108102 108901
108102 110101
108102 111401
108102 112102
110901 110903
110902 110903
110901 110904
110902 110904
110903 110904
110904 114703
113101 113103
113102 113103
113101 113104
113102 113104
113103 113104
104801 105001
105001 114001
105001 114002
105001 105002
105002 114001
105002 114002
107803 112103
112101 112103
112102 112103
112103 114001
114602 117401
117401 117402
117401 117403
117401 117404
117401 117405
117402 117405
117403 117405
117404 117405
113901 117406
117401 117406
117402 117406
117403 117406
117404 117406
117405 117406
101301 101502
101302 101502
101501 101502
101502 101601
101502 101602
101501 101503
101502 101503
101503 101601
101503 101602
101503 107101
101503 114802
101303 101603
101601 101603
101602 101603
101601 101604
101602 101604
101603 101604
101601 101605
101602 101605
101603 101605
101604 101605
101601 101701
101602 101701
101601 111801
101602 111801
111801 114601
111801 114703
111801 117404
101001 109901
101001 116207
109901 109903
109902 109903
109903 109905
109901 109904
109902 109904
109903 109904
109904 109905
108801 110701
108802 110701
108803 110701
108804 110701
109901 110701
110701 110703
110701 111201
110701 111204
110701 111205
114703 115101
115101 115202
115101 115601
114703 115302
115202 115302
115302 117403
105101 105103
105101 105302
105101 116401
105101 116402
105101 116501
105101 116502
102402 115903
115903 115904
115903 116401
115903 116402
116401 116403
116402 116403
116401 116404
116402 116404
116403 116404
116501 116503
116502 116503
116501 116504
116502 116504
116503 116504
102401 102404
102402 102404
102403 102404
102401 102405
102402 102405
102403 102405
102404 102405
102401 102406
102402 102406
102403 102406
102404 102406
102405 102406
100201 100401
100401 104801
100401 100403
100403 103101
100403 104801
100401 104802
100403 104802
101902 104802
102101 104802
104801 104802
104802 104901
104802 105002
104802 105304
104801 104803
104802 104803
104801 104804
104802 104804
104803 104804
104801 104805
104802 104805
104803 104805
104804 104805
104801 104902
104802 104902
104901 104902
104902 105002
104801 106506
106501 106506
106502 106506
106503 106506
104801 115506
115501 115506
115502 115506
115503 115506
104801 116903
116901 116903
116902 116903
116903 116905
100601 102002
100702 102002
101902 102002
102001 102002
102002 102004
102002 104902
102002 107307
107101 107401
107301 107401
107307 107401
107308 107401
107401 107402
107401 107701
107401 108905
107401 109701
107401 110301
103102 117801
107307 117801
116905 117801
107601 107602
107601 107603
107601 107604
107602 107604
107603 107604
107601 107605
107602 107605
107603 107605
107604 107605
116801 116803
116802 116803
116801 116804
116802 116804
116803 116804
116801 116805
116802 116805
116803 116805
116804 116805
116901 116904
116902 116904
116903 116904
116904 116905
116901 116906
116902 116906
116903 116906
116904 116906
116905 116906
106102 106104
106104 116905
107202 107203
107202 116902
107202 116905
117501 117503
117502 117503
117501 117504
117502 117504
117503 117504
117501 117505
117502 117505
117503 117505
117504 117505
117501 117506
117502 117506
117503 117506
117504 117506
117505 117506
101301 102106
102101 102106
102102 102106
102103 102106
101301 102302
101302 102302
102301 102302
101301 115401
103501 115401
103502 115401
115401 115601
100401 108101
101302 108101
105601 108101
108101 108102
108101 108104
108101 109506
108101 116303
100801 106401
100805 106401
100806 106401
100807 106401
103104 106401
103201 106401
106401 106402
106401 106403
100702 114501
103201 114501
114501 114601
114501 114602
114501 114701
114501 115601
103501 103503
103502 103503
103501 103504
103502 103504
103503 103504
104901 104903
104902 104903
102001 109301
102101 109301
104901 109301
104902 109301
104901 109802
109802 109804
105304 105602
105601 105602
105602 108802
105602 116311
105601 105603
105602 105603
105601 105604
105602 105604
105603 105604
105801 105803
105802 105803
105801 105804
105802 105804
105803 105804
105802 116002
115502 116002
116001 116002
116002 117202
116002 117203
102201 106204
106204 106301
106301 106302
106301 106307
106501 106504
106502 106504
106503 106504
106504 106506
106501 106505
106502 106505
106503 106505
106504 106505
106505 106506
101501 101504
101502 101504
101503 101504
101504 106802
101504 107101
101504 116301
101503 107102
101504 107102
106802 107102
107101 107102
107102 109702
107102 115503
107102 115601
107101 107103
107102 107103
107101 107104
107102 107104
107103 107104
107101 107105
107102 107105
107103 107105
107104 107105
107101 107106
107102 107106
107103 107106
107104 107106
107105 107106
108104 108303
108301 108303
108302 108303
108303 108304
108303 114302
108303 114602
108301 108305
108302 108305
108303 108305
108304 108305
107501 108801
107501 114701
108801 108805
108802 108805
108803 108805
108804 108805
108801 111705
111701 111705
111702 111705
111703 111705
107501 107504
107504 109201
108402 109201
108402 109202
109201 109203
109202 109203
109203 109206
109201 109204
109202 109204
109203 109204
109204 109206
109201 109205
109202 109205
109203 109205
109204 109205
109205 109206
108905 117601
109201 117601
109202 117601
108401 108402
108401 109505
108401 115503
102501 115504
104402 115504
115501 115504
115502 115504
115503 115504
115504 115506
115504 116002
115504 116301
115504 117201
115504 117202
115504 117203
115504 117302
115501 115505
115502 115505
115503 115505
115504 115505
115505 115506
100807 115301
115301 115302
115301 115601
115301 117404
115601 118105
116001 116003
116002 116003
116001 116004
116002 116004
116003 116004
100104 116301
117201 117204
117202 117204
117203 117204
117201 117205
117202 117205
117203 117205
117204 117205
100801 100901
100805 100901
100806 100901
100807 100901
100808 100901
100901 100904
100805 100902
100806 100902
100807 100902
100808 100902
100901 100902
100902 100904
100902 102002
100901 100903
100902 100903
100903 100904
100901 100905
100902 100905
100903 100905
100904 100905
100901 100906
100902 100906
100903 100906
100904 100906
100905 100906
100901 100907
100902 100907
100903 100907
100904 100907
100905 100907
100906 100907
100101 100104
100101 100201
100101 100202
100101 102001
100101 105303
100101 105304
102001 102003
102002 102003
102003 102004
106601 106602
106602 106604
106601 106603
106602 106603
106603 106604
106603 106702
106603 106704
106601 106605
106602 106605
106603 106605
106604 106605
103104 106902
106702 106902
106704 106902
106801 106902
106802 106902
106901 106902
101401 101403
101403 106704
106901 106903
106902 106903
106901 106904
106902 106904
106903 106904
109506 109801
109801 109802
109801 109804
109801 109803
109802 109803
109803 109804
105302 109805
109801 109805
109802 109805
109803 109805
109804 109805
108601 108603
108602 108603
108601 108604
108602 108604
108603 108604
108701 108703
108702 108703
108701 108704
108702 108704
108703 108704
103801 108905
108905 113801
108905 117901
110801 110802
110802 110803
110802 110807
110801 110804
110802 110804
110803 110804
110804 110807
110804 116203
110801 110805
110802 110805
110803 110805
110804 110805
110805 110807
102002 110806
110801 110806
110802 110806
110803 110806
110804 110806
110805 110806
110806 110807
110801 110808
110802 110808
110803 110808
110804 110808
110805 110808
110806 110808
110807 110808
110801 110809
110802 110809
110803 110809
110804 110809
110805 110809
110806 110809
110807 110809
110808 110809
103105 111603
111601 111603
111602 111603
111601 111604
111602 111604
111603 111604
109701 109703
109702 109703
109701 114606
114601 114606
114602 114606
110301 110303
110302 110303
110301 110304
110302 110304
110303 110304
110301 110305
110302 110305
110303 110305
110304 110305
110101 110105
110102 110105
110103 110105
110104 110105
108104 110106
110101 110106
110102 110106
110103 110106
110104 110106
110105 110106
108804 110107
110101 110107
110102 110107
110103 110107
110104 110107
110105 110107
110106 110107
112901 112903
112902 112903
112901 112904
112902 112904
112903 112904
114201 114202
114202 114303
114301 114304
114302 114304
114303 114304
114303 114404
115901 115903
115901 115904
105201 115902
115901 115902
115902 115903
115902 115904
102401 115905
115901 115905
115902 115905
115903 115905
115904 115905
115901 115906
115902 115906
115903 115906
115904 115906
115905 115906
115901 115907
115902 115907
115903 115907
115904 115907
115905 115907
115906 115907
108101 115908
115901 115908
115902 115908
115903 115908
115904 115908
115905 115908
115906 115908
115907 115908
111701 111704
111702 111704
111703 111704
111704 111705
107401 107403
107402 107403
107403 108104
107401 107404
107402 107404
107403 107404
107401 107405
107402 107405
107403 107405
107404 107405
107402 107502
107501 107502
107502 107504
107402 108202
108102 108202
108104 108202
108201 108202
110005 111201
110701 110702
110702 110703
110702 111201
110702 111203
110702 111204
110702 116308
102004 111402
109702 111402
111201 111402
111203 111402
111204 111402
111205 111402
111401 111402
111201 111406
111203 111406
111401 111406
111402 111406
101601 118301
103401 103403
103402 103403
103401 103404
103402 103404
103403 103404
107304 107702
107701 107702
106801 114103
106802 114103
114101 114103
114102 114103
114101 114104
114102 114104
114103 114104
114101 114105
114102 114105
114103 114105
114104 114105
114101 114106
114102 114106
114103 114106
114104 114106
114105 114106
111801 111802
111802 114702
111802 114703
111802 117403
114501 114502
114502 114702
111001 111002
111002 111004
111001 111003
111002 111003
111003 111004
111001 111005
111002 111005
111003 111005
111004 111005
111001 111006
111002 111006
111003 111006
111004 111006
111005 111006
111001 111007
111002 111007
111003 111007
111004 111007
111005 111007
111006 111007
111001 111008
111002 111008
111003 111008
111004 111008
111005 111008
111006 111008
111007 111008
111008 116302
112501 112502
112501 114302
112501 112503
112502 112503
112501 112504
112502 112504
112503 112504
112701 112702
112701 112703
112702 112703
112701 112704
112702 112704
112703 112704
118001 118003
118002 118003
118001 118004
118002 118004
118003 118004
118001 118005
118002 118005
118003 118005
118004 118005
118201 118202
102301 102306
102302 102306
102306 103104
103101 103103
103102 103103
103103 103104
103103 103105
103101 103106
103102 103106
103103 103106
103104 103106
103105 103106
105201 105202
105202 114703
114404 114406
114406 114703
100601 100603
100602 100603
100601 100604
100602 100604
100603 100604
100601 102104
100602 102104
100702 102104
100902 102104
101902 102104
102101 102104
102102 102104
102103 102104
102104 102106
102104 104003
102104 104004
100501 100502
100502 100602
100502 102104
100702 100802
100801 100802
100802 100803
100802 100805
100802 100806
100802 100807
100802 100808
100802 100902
100802 101902
100802 102101
100802 102102
100802 102103
100802 102104
100802 106401
100801 100804
100802 100804
100803 100804
100804 100805
100804 100806
100804 100807
100804 100808
101501 101505
101502 101505
101503 101505
101504 101505
101501 101506
101502 101506
101503 101506
101504 101506
101505 101506
102004 104403
103302 104403
104002 104403
104402 104403
102101 102105
102102 102105
102103 102105
102104 102105
102105 102106
102101 102107
102102 102107
102103 102107
102104 102107
102105 102107
102106 102107
104401 104402
104401 104403
104401 104404
104402 104404
104403 104404
104404 107803
104401 104405
104402 104405
104403 104405
104404 104405
102601 102602
102601 102603
102602 102603
102601 102604
102602 102604
102603 102604
103101 104201
104101 104201
104201 104202
104201 105202
103601 103602
103601 103603
103602 103603
103601 103604
103602 103604
103603 103604
104101 104103
104102 104103
104101 104104
104102 104104
104103 104104
100101 100103
100103 100104
100103 100201
100103 104202
104201 104203
104202 104203
104201 104204
104202 104204
104203 104204
104201 104205
104202 104205
104203 104205
104204 104205
104201 104206
104202 104206
104203 104206
104204 104206
104205 104206
104201 104207
104202 104207
104203 104207
104204 104207
104205 104207
104206 104207
108101 108103
108102 108103
108103 108104
108101 108105
108102 108105
108103 108105
108104 108105
108104 108501
108104 109302
109301 109302
102501 102502
102502 106205
116601 116603
116602 116603
116601 116604
116602 116604
116603 116604
116601 116605
116602 116605
116603 116605
116604 116605
100201 100203
100202 100203
100201 100204
100202 100204
100203 100204
100201 100205
100202 100205
100203 100205
100204 100205
100201 100206
100202 100206
100203 100206
100204 100206
100205 100206
100101 100102
100102 100103
100102 100104
100102 100202
101201 101203
101202 101203
101201 101204
101202 101204
101203 101204
101201 101205
101202 101205
101203 101205
101204 101205
101201 101206
101202 101206
101203 101206
101204 101206
101205 101206
101201 101207
101202 101207
101203 101207
101204 101207
101205 101207
101206 101207
101201 101208
101202 101208
101203 101208
101204 101208
101205 101208
101206 101208
101207 101208
102104 102202
102201 102202
102202 103302
105101 105102
105102 105103
105102 105302
105102 107803
110401 110403
110402 110403
110401 110404
110402 110404
110403 110404
110401 110405
110402 110405
110403 110405
110404 110405
110401 110406
110402 110406
110403 110406
110404 110406
110405 110406
114201 114203
114202 114203
114201 114204
114202 114204
114203 114204
114601 114603
114602 114603
114603 114606
114601 114604
114602 114604
114603 114604
114604 114606
114601 114605
114602 114605
114603 114605
114604 114605
114605 114606
102701 102703
102701 102702
102702 102703
102701 102704
102702 102704
102703 102704
105201 105203
105202 105203
100501 100503
100502 100503
100501 100504
100502 100504
100503 100504
101401 101402
101402 101403
101401 101404
101402 101404
101403 101404
101401 101405
101402 101405
101403 101405
101404 101405
111203 111403
111401 111403
111402 111403
111403 111406
111401 111404
111402 111404
111403 111404
111404 111406
111401 111405
111402 111405
111403 111405
111404 111405
111405 111406
107501 107503
107502 107503
107503 107504
107503 108803
106301 106303
106302 106303
106303 106307
106301 106304
106302 106304
106303 106304
106304 106307
106301 106305
106302 106305
106303 106305
106304 106305
106305 106307
106301 106306
106302 106306
106303 106306
106304 106306
106305 106306
106306 106307
106801 106803
106802 106803
106801 106804
106802 106804
106803 106804
102301 102303
102302 102303
102303 102306
102301 102304
102302 102304
102303 102304
102304 102306
102301 102305
102302 102305
102303 102305
102304 102305
102305 102306
102301 102307
102302 102307
102303 102307
102304 102307
102305 102307
102306 102307
106101 106102
106101 106104
106101 106103
106102 106103
106103 106104
106101 106105
106102 106105
106103 106105
106104 106105
107201 107202
107201 107203
107201 107204
107202 107204
107203 107204
107201 107205
107202 107205
107203 107205
107204 107205
114901 114903
114902 114903
114901 114904
114902 114904
114903 114904
102501 102503
102502 102503
108001 108002
108001 108003
108002 108003
108001 108004
108002 108004
108003 108004
117201 117701
107803 108203
108201 108203
108202 108203
108201 108204
108202 108204
108203 108204
107803 117802
117801 117802
108802 109602
108804 109602
108804 109603
109602 109603
112101 112104
112102 112104
112103 112104
112101 112105
112102 112105
112103 112105
112104 112105
106401 106404
106402 106404
106403 106404
106404 106503
106001 106002
107102 116101
116101 116105
116101 116102
116102 116105
116101 116103
116102 116103
116103 116105
116101 116104
116102 116104
116103 116104
116104 116105
116101 116106
116102 116106
116103 116106
116104 116106
116105 116106
116101 116107
116102 116107
116103 116107
116104 116107
116105 116107
116106 116107
107701 107703
107702 107703
107701 107704
107702 107704
107703 107704
105001 105003
105002 105003
111801 111803
111802 111803
111801 111804
111802 111804
111803 111804
115101 115102
115101 115103
115102 115103
115301 115303
115302 115303
100401 100402
100402 100403
100401 100404
100402 100404
100403 100404
117801 117803
117802 117803
117801 117804
117802 117804
117803 117804
115401 115402
115401 115403
115402 115403
115401 115404
115402 115404
115403 115404
115401 115405
115402 115405
115403 115405
115404 115405
102201 102206
102202 102206
102206 108101
109301 109303
109302 109303
109301 109304
109302 109304
109303 109304
102201 102203
102202 102203
102203 102206
102201 102204
102202 102204
102203 102204
102204 102206
102201 102205
102202 102205
102203 102205
102204 102205
102205 102206
108401 108403
108402 108403
108401 108404
108402 108404
108403 108404
108401 108405
108402 108405
108403 108405
108404 108405
117601 117602
117601 117603
117602 117603
118101 118105
118101 118102
118102 118105
118101 118103
118102 118103
118103 118105
118101 118104
118102 118104
118103 118104
118104 118105
103801 103802
103801 103803
103802 103803
103801 103804
103802 103804
103803 103804
103801 103805
103802 103805
103803 103805
103804 103805
113801 113802
113801 113803
113802 113803
113801 113804
113802 113804
113803 113804
117901 117902
117901 117903
117902 117903
117901 117904
117902 117904
117903 117904
117901 117905
117902 117905
117903 117905
117904 117905
117901 117906
117902 117906
117903 117906
117904 117906
117905 117906
117901 117907
117902 117907
117903 117907
117904 117907
117905 117907
117906 117907
114401 114404
114401 114406
114401 114402
114402 114404
114402 114406
114401 114403
114402 114403
114403 114404
114403 114406
114401 114405
114402 114405
114403 114405
114404 114405
114405 114406
110001 110005
110001 110002
110002 110005
110001 110003
110002 110003
110003 110005
110001 110004
110002 110004
110003 110004
110004 110005
118301 118302
118301 118303
118302 118303
118301 118304
118302 118304
118303 118304
108501 108502
108501 108503
108502 108503
117701 117702
109601 109602
109601 109603
109601 109604
109602 109604
109603 109604