217201 217203
217201 217202
217202 217203
217201 217204
217202 217204
217203 217204
202501 217201
202501 202502
202502 217201
202501 202601
202601 217201
203201 217201
202501 215703
215703 217201
202402 202501
202402 202502
202501 202503
202502 202503
202501 202504
202502 202504
202503 202504
202501 206908
202501 215401
215401 215703
202501 215501
202501 216502
202501 217301
202502 217301
202501 218201
202302 202402
202302 202502
202502 216905
201401 202601
202302 202401
202401 202402
202401 202601
202401 202405
202402 202405
202405 202601
202601 202602
202601 202603
202602 202603
202601 202604
202602 202604
202603 202604
202601 202701
202601 209804
202602 209804
200601 203201
200601 200603
200603 203201
200601 200604
200603 200604
200604 203201
200604 200701
200701 203201
200801 203201
200701 203202
200801 203202
203201 203202
203201 203203
203202 203203
203201 203204
203202 203204
203203 203204
203201 203301
203202 203301
203301 217301
203201 203302
203202 203302
203301 203302
203201 210301
200801 210701
203201 210701
203201 210702
203202 210702
210701 210702
203201 211003
210701 211003
203201 211201
210701 211201
210702 211201
203201 212302
203202 212302
203201 218701
203001 215703
202504 210403
203001 210403
210301 210403
210403 210701
210403 215703
200601 211501
211501 215703
215401 215402
215402 215703
215501 215503
215503 215703
215501 215504
215503 215504
215504 215703
215701 215703
215701 215702
215702 215703
211501 215704
215402 215704
215503 215704
215701 215704
215702 215704
215703 215704
215701 215705
215702 215705
215703 215705
215704 215705
215701 215901
215702 215901
215703 215901
215401 216101
215402 216101
215504 216101
215703 216101
215704 216101
215701 216201
215703 216201
215704 216201
215901 216201
200801 200802
200802 202402
200802 203202
200604 200902
200802 200902
200902 202402
200902 211003
200902 212302
202202 202402
202401 202403
202402 202403
202403 202405
202401 202404
202402 202404
202403 202404
202404 202405
202401 216801
202402 216801
202504 210505
210301 210505
210505 215501
210505 218201
205305 206908
206901 206908
206901 206902
206902 206908
205305 206903
206901 206903
206902 206903
206903 206908
206901 206904
206902 206904
206903 206904
206904 206908
206901 206905
206902 206905
206903 206905
206904 206905
206905 206908
206901 206906
206902 206906
206903 206906
206904 206906
206905 206906
206906 206908
206901 206907
206902 206907
206903 206907
206904 206907
206905 206907
206906 206907
206907 206908
206901 206909
206902 206909
206903 206909
206904 206909
206905 206909
206906 206909
206907 206909
206908 206909
206901 206910
206902 206910
206903 206910
206904 206910
206905 206910
206906 206910
206907 206910
206908 206910
206909 206910
206901 206911
206902 206911
206903 206911
206904 206911
206905 206911
206906 206911
206907 206911
206908 206911
206909 206911
206910 206911
206901 206912
206902 206912
206903 206912
206904 206912
206905 206912
206906 206912
206907 206912
206908 206912
206909 206912
206910 206912
206911 206912
206908 207902
206909 207902
207902 209804
206902 208301
206903 208301
206908 208301
206909 208301
208301 209804
206908 208602
206908 209301
209301 211003
209301 212302
206908 209601
209601 212302
206908 209805
207902 209805
209601 209805
209804 209805
202701 212101
206908 212101
212101 215401
206908 218702
218701 218702
212401 215401
212401 215402
212401 216101
212401 216201
212401 216801
212401 212402
212402 215401
212402 215402
212402 216201
212401 213701
213701 215401
213901 215401
211003 214101
214101 215401
215401 215403
215402 215403
212402 216102
215401 216102
215402 216102
215504 216102
215704 216102
216101 216102
212401 216203
212402 216203
213701 216203
215401 216203
215402 216203
216101 216203
216102 216203
216201 216203
215401 217103
216905 217103
215501 215502
215502 215503
215502 215504
215501 215505
215502 215505
215503 215505
215504 215505
215505 216102
203001 215902
215501 215902
215505 215902
215702 215902
215704 215902
215901 215902
216501 216502
216501 216503
216502 216503
216501 216504
216502 216504
216503 216504
216501 216505
216502 216505
216503 216505
216504 216505
216501 216506
216502 216506
216503 216506
216504 216506
216505 216506
216501 216507
216502 216507
216503 216507
216504 216507
216505 216507
216506 216507
201102 203301
201102 212401
201102 217301
201102 201103
201103 203301
201103 203302
201103 212401
201103 217301
208301 209801
208602 209801
209301 209801
209801 209804
209801 209805
209801 217301
202701 214901
203301 214901
214901 217103
214901 217301
200902 217302
203301 217302
203302 217302
217301 217302
214901 217303
217301 217303
217302 217303
217301 217304
217302 217304
217303 217304
217301 217305
217302 217305
217303 217305
217304 217305
210702 213802
211003 213802
213802 218201
218201 218202
218201 218203
218202 218203
218201 218204
218202 218204
218203 218204
202301 202302
202301 202303
202302 202303
202301 202304
202302 202304
202303 202304
202301 202305
202302 202305
202303 202305
202304 202305
202301 202306
202302 202306
202303 202306
202304 202306
202305 202306
202701 202702
202702 216905
209502 209805
209502 216905
210301 210401
210401 210403
210401 210505
210401 210701
210401 216905
210401 216901
213701 216901
216901 216905
215901 216902
216901 216902
216902 216905
210401 216903
216901 216903
216902 216903
216903 216905
216903 217103
216901 216904
216902 216904
216903 216904
216904 216905
210401 216906
210403 216906
216101 216906
216901 216906
216902 216906
216903 216906
216904 216906
216905 216906
216901 216907
216902 216907
216903 216907
216904 216907
216905 216907
216906 216907
202401 217001
216901 217001
216903 217001
216904 217001
216905 217001
201401 201402
201402 202602
201401 201403
201402 201403
201401 201602
201402 201602
201602 202602
201401 214201
213802 214201
214101 214201
202401 205702
202401 211504
211501 211504
202401 215301
215301 215701
215301 215702
215301 216801
202401 216803
209502 216803
214101 216803
215301 216803
216801 216803
201402 201601
201601 201602
201601 202602
202602 204102
202701 202703
202702 202703
202701 202704
202702 202704
202703 202704
202701 203702
202701 211101
210701 211101
210702 211101
211003 211101
211101 211201
211101 214101
202701 214902
214901 214902
214902 217302
208301 208601
208601 208602
208601 209801
208601 209804
208601 209805
208601 209802
208602 209802
209801 209802
209802 209804
209802 209805
209802 217302
208601 209803
209801 209803
209802 209803
209803 209804
209803 209805
209801 209806
209802 209806
209803 209806
209804 209806
209805 209806
209801 209807
209802 209807
209803 209807
209804 209807
209805 209807
209806 209807
200101 200601
200101 216903
200101 216906
200601 200602
200602 200603
200602 200604
200602 200701
200602 215505
200601 200605
200602 200605
200603 200605
200604 200605
200601 200606
200602 200606
200603 200606
200604 200606
200605 200606
200601 200607
200602 200607
200603 200607
200604 200607
200605 200607
200606 200607
200601 200901
200602 200901
200603 200901
200604 200901
200701 200901
200801 200901
200901 200902
200601 212601
209301 212601
212601 215701
200601 213201
200603 210201
200603 211601
200101 200105
200105 200602
200105 200604
200604 214102
200902 214102
214101 214102
214102 214201
200701 200702
200702 200902
200701 200703
200702 200703
200701 200704
200702 200704
200703 200704
200701 201205
200702 201205
200701 201206
201205 201206
200701 203601
203601 217103
203601 218701
200801 200803
200802 200803
200801 200804
200802 200804
200803 200804
200801 201501
200802 201501
201402 201501
201501 201601
201501 201602
200801 201502
200802 201502
201402 201502
201501 201502
203202 211004
210702 211004
211003 211004
211004 211101
211004 216902
203101 203301
203101 203302
203301 203303
203302 203303
203301 203501
203501 203702
203301 212501
203301 214801
203302 214801
203301 214802
203302 214802
214801 214802
202101 203302
203101 203102
203102 203302
203302 203901
210301 210302
210302 210702
210301 210303
210302 210303
210301 210304
210302 210304
210303 210304
210301 210402
210401 210402
210402 210403
210402 210701
210402 210702
210301 210501
210501 210505
210501 216901
203702 210901
210301 210901
210401 210901
210402 210901
210403 210901
210505 210901
210701 210901
210901 216903
210301 210902
210401 210902
210501 210902
210505 210902
210702 210902
210901 210902
210902 211101
200803 214401
210301 214401
214401 214802
209101 209601
209101 210701
209101 214101
210401 210601
210402 210601
210403 210601
210501 210601
210505 210601
210601 210701
210601 210901
210601 210902
210601 211101
210601 212302
210601 216901
210601 216902
210601 216903
210601 216904
210601 217103
203702 210602
210401 210602
210402 210602
210601 210602
210602 210701
210602 210702
210602 210901
210602 210902
210602 211101
210602 216901
210602 216902
210602 216904
210701 210703
210702 210703
210701 210704
210702 210704
210703 210704
210704 215701
210701 211202
210702 211202
211101 211202
211201 211202
210401 211901
210701 211901
211901 212101
211901 214101
211901 214102
211901 215701
211901 215702
210302 210404
210401 210404
210402 210404
210403 210404
210404 210601
210404 210602
210404 210702
210404 210902
210602 211102
210702 211102
210901 211102
210902 211102
211003 211102
211004 211102
211101 211102
211102 211201
211102 211202
211102 211901
200901 201001
201001 211003
201001 214101
200902 201002
201001 201002
201002 211003
201002 214101
202101 202801
202801 210403
202801 211003
202801 214201
202801 214901
211001 211003
211001 211004
211001 211002
211002 211003
211002 211004
211001 211005
211002 211005
211003 211005
211004 211005
211001 211006
211002 211006
211003 211006
211004 211006
211005 211006
211003 212301
212301 212302
211003 212303
212301 212303
212302 212303
201001 212304
211003 212304
212301 212304
212302 212304
212303 212304
210505 212306
211003 212306
212301 212306
212302 212306
212303 212306
212304 212306
212306 213901
211003 212307
212301 212307
212302 212307
212303 212307
212304 212307
212306 212307
201001 214104
211003 214104
214101 214104
214102 214104
211003 214501
212401 214501
213701 214501
214201 214501
214501 216901
211003 216702
211201 211203
211202 211203
211203 216904
211201 211204
211202 211204
211203 211204
201801 202101
201801 212302
201801 214101
205501 206901
205501 206902
205501 206903
205501 206904
205501 208301
205501 208601
205501 209301
205501 209601
205501 212302
205501 205601
205601 206903
205601 211901
205601 212302
205601 215301
208601 208801
208801 209801
208801 212302
203601 209001
208801 209001
209001 209601
209001 212302
209301 209302
209302 209502
209302 209802
209302 212302
201001 211801
211801 211901
211801 212101
211801 212302
211801 213201
210401 211903
210403 211903
211101 211903
211801 211903
211901 211903
211903 212101
211903 212302
211903 214101
211903 217302
212301 212305
212302 212305
212303 212305
212304 212305
212305 212306
212305 212307
212301 212308
212302 212308
212303 212308
212304 212308
212305 212308
212306 212308
212307 212308
208701 208801
208701 209001
208701 209803
208701 212101
208701 218701
218701 218703
218702 218703
218701 218704
218702 218704
218703 218704
218701 218705
218702 218705
218703 218705
218704 218705
218701 218706
218702 218706
218703 218706
218704 218706
218705 218706
203001 203002
203002 215901
203002 215902
203001 203003
203002 203003
203003 215902
203001 213003
211501 213003
213003 216901
213003 216903
213003 216904
213003 216906
201001 214103
203001 214103
210401 214103
210403 214103
210601 214103
211101 214103
214101 214103
214102 214103
214103 214104
214103 214201
214103 215901
214103 216903
203001 216403
211901 216403
216403 216505
216403 218202
200101 200401
200401 210403
200401 214501
200401 200402
200402 200702
200402 210403
200402 216702
204805 210403
210401 210405
210402 210405
210403 210405
210404 210405
210401 210406
210402 210406
210403 210406
210404 210406
210405 210406
211501 211502
211502 211504
211501 211503
211502 211503
211503 211504
211503 211801
211503 213003
211501 211505
211502 211505
211503 211505
211504 211505
211501 211506
211502 211506
211503 211506
211504 211506
211505 211506
212402 213702
213701 213702
213702 214501
213702 215402
203501 214503
210601 214503
214501 214503
214503 215402
214503 215704
203501 214504
210601 214504
214501 214504
214503 214504
214504 215402
215301 215307
215307 215402
215301 216804
215402 216804
216801 216804
216803 216804
205501 205602
205601 205602
205602 206902
205602 215701
201801 212801
212801 214901
212801 215701
200101 214301
201205 214301
201206 214301
211901 214301
214301 214401
214301 215701
214301 215702
210501 216401
211901 216401
215701 216401
215702 216401
216401 216403
216401 216503
215001 215702
215301 215302
215302 215307
215302 215702
215302 216804
208801 210001
210001 215901
210501 213401
210505 213401
213401 215901
215901 215903
215902 215903
215901 215904
215902 215904
215903 215904
215301 215306
215302 215306
215306 215307
215306 216101
215306 216403
215306 216906
216101 216103
216102 216103
216101 216104
216102 216104
216103 216104
216101 216105
216102 216105
216103 216105
216104 216105
216101 216106
216102 216106
216103 216106
216104 216106
216105 216106
210501 217401
211901 217401
216101 217401
216401 217401
216403 217401
212402 216202
216201 216202
216202 216203
215902 216204
216102 216204
216201 216204
216202 216204
216203 216204
216201 216205
216202 216205
216203 216205
216204 216205
216201 216206
216202 216206
216203 216206
216204 216206
216205 216206
200101 200202
200202 200401
200202 200402
200202 200902
200202 211101
200202 212402
200901 200903
200902 200903
200101 201301
200902 201301
201301 201501
201301 201502
201301 201801
200101 201302
200902 201302
201301 201302
200902 202102
202101 202102
200902 204204
201102 204204
201103 204204
201301 202201
201302 202201
202201 202202
202201 214101
202201 214401
202201 202203
202202 202203
202201 202204
202202 202204
202203 202204
201001 211805
202403 211805
211504 211805
211801 211805
211805 211901
211805 212101
211805 217302
212402 216802
215301 216802
216801 216802
216802 216803
216802 216804
216801 216805
216802 216805
216803 216805
216804 216805
202201 210502
210302 210502
210401 210502
210402 210502
210501 210502
210502 210505
210502 210602
210502 210902
210502 211202
210501 210503
210502 210503
210503 210505
210503 210902
210501 210504
210502 210504
210503 210504
210504 210505
210501 210506
210502 210506
210503 210506
210504 210506
210505 210506
205301 205305
205301 206901
205301 208301
205301 208601
205301 208602
205301 209601
205301 209801
205301 209802
205301 209803
205301 209805
205301 205302
205302 205305
205302 205501
205302 206901
205302 206902
205302 208601
205302 208602
205302 209802
205301 205303
205302 205303
205303 205305
205301 205304
205302 205304
205303 205304
205304 205305
205301 205306
205302 205306
205303 205306
205304 205306
205305 205306
205301 205307
205302 205307
205303 205307
205304 205307
205305 205307
205306 205307
205302 205401
205305 205401
205401 205501
205401 209001
205401 210001
205305 207402
206801 206901
206801 206902
206801 206903
206801 206904
206901 207001
206902 207001
206903 207001
206904 207001
205501 208101
206901 208101
206901 218301
205501 205502
205502 205601
205502 205602
205502 206902
205502 208101
206202 206902
206202 206206
206206 206902
206801 206802
206802 206902
206802 206904
205401 205801
205801 206903
206001 206903
206301 206903
206601 206903
206601 207402
206601 208701
205602 207002
206904 207002
207001 207002
206904 207703
205301 208302
206909 208302
208301 208302
208302 208601
208302 208602
208302 209801
206909 208303
208301 208303
208302 208303
205501 208402
206909 208402
206909 215305
215301 215305
215302 215305
215305 215306
215305 215307
215305 216804
205501 207802
207802 207902
207901 207902
207901 207903
207902 207903
207903 208601
207903 208602
207903 208801
204701 208301
205601 207301
206601 207301
207301 207402
207301 208301
205301 208201
205303 208201
205501 208201
205601 208201
208201 208301
208201 208601
208201 209801
208301 208304
208302 208304
208303 208304
205301 208603
207903 208603
208301 208603
208601 208603
208602 208603
208603 208701
208603 209301
208603 209801
208301 208901
208901 209601
208901 209801
208901 209803
207001 207101
207002 207101
207101 207903
207101 208602
205602 207102
207002 207102
207101 207102
207102 207802
207102 207903
207102 208101
207102 208602
205401 208501
208101 208501
208501 208602
208501 209801
208501 210001
204701 208502
205401 208502
208501 208502
208502 208601
208502 208602
208502 208701
208502 209801
208502 209802
208502 210001
208502 218301
205401 208503
208101 208503
208402 208503
208501 208503
208502 208503
208503 208602
208503 209801
208503 210001
208601 208604
208602 208604
208603 208604
208601 208605
208602 208605
208603 208605
208604 208605
208601 208606
208602 208606
208603 208606
208604 208606
208605 208606
208601 208607
208602 208607
208603 208607
208604 208607
208605 208607
208606 208607
208601 208608
208602 208608
208603 208608
208604 208608
208605 208608
208606 208608
208607 208608
208608 209803
208601 208609
208602 208609
208603 208609
208604 208609
208605 208609
208606 208609
208607 208609
208608 208609
208402 208802
208602 208802
208701 208802
208801 208802
208802 209301
208802 209302
208602 208805
208801 208805
208802 208805
208805 209601
204504 208801
204504 209301
204903 205401
204903 209301
206202 207201
207101 207201
207201 208603
207201 208701
207201 209301
209301 209303
209302 209303
209301 209304
209302 209304
209303 209304
209301 209305
209302 209305
209303 209305
209304 209305
205401 209401
205501 209401
205601 209401
208201 209401
209301 209401
209401 209502
209301 209504
209302 209504
209401 209504
209502 209504
209504 209805
209504 216803
203402 209601
204801 204805
204801 209601
205602 209002
209001 209002
209002 209601
209101 209102
209102 209601
207101 209501
209401 209501
209501 209502
209501 209504
209501 209601
203402 209602
205302 209602
205501 209602
208302 209602
208603 209602
209002 209602
209601 209602
209602 209802
209602 213401
209601 209603
209602 209603
209601 209604
209602 209604
209603 209604
209601 209605
209602 209605
209603 209605
209604 209605
208805 209901
208901 209901
209805 209901
205601 205604
205602 205604
205604 212101
211701 211801
211701 212101
211701 213003
201205 212102
211901 212102
212101 212102
211801 212103
212101 212103
212102 212103
212103 214401
212101 212104
212102 212104
212103 212104
212104 214401
212101 212105
212102 212105
212103 212105
212104 212105
212101 212106
212102 212106
212103 212106
212104 212106
212105 212106
212101 212107
212102 212107
212103 212107
212104 212107
212105 212107
212106 212107
200702 203602
203601 203602
203602 218702
212401 212403
212402 212403
212401 212404
212402 212404
212403 212404
212401 212405
212402 212405
212403 212405
212404 212405
212401 212406
212402 212406
212403 212406
212404 212406
212405 212406
212401 218401
213701 218401
211801 212502
211805 212502
212402 212502
212501 212502
212402 212602
212601 212602
212402 215802
212901 213701
212901 213702
212901 214101
212901 214103
212901 214501
212901 214503
212901 214504
212901 216901
212901 212907
212907 213701
212907 216906
213701 213703
213702 213703
213701 213704
213702 213704
213703 213704
213701 213705
213702 213705
213703 213705
213704 213705
213705 214503
213705 214504
213901 213902
213902 214104
213901 213903
213902 213903
213901 213904
213902 213904
213903 213904
205601 213905
213901 213905
213902 213905
213903 213905
213904 213905
213901 213906
213902 213906
213903 213906
213904 213906
213905 213906
201204 201205
201204 201206
201204 201801
201204 211001
201204 212102
201204 214101
201204 214301
201204 214401
204502 204504
204502 204701
204502 208802
204502 214101
210401 211904
211101 211904
211102 211904
211801 211904
211805 211904
211901 211904
211903 211904
211904 212102
211904 212303
211904 214101
203702 212903
210601 212903
212901 212903
212903 212907
212903 214101
212903 214501
202201 213801
213801 213802
213801 214101
213801 214201
213801 216401
214101 214105
214102 214105
214103 214105
214104 214105
216102 216302
216102 217402
217401 217402
216102 217902
203601 217101
205601 217101
216401 217101
217101 217103
210402 217102
217101 217102
217102 217103
216403 217104
217101 217104
217102 217104
217103 217104
217101 217105
217102 217105
217103 217105
217104 217105
217101 217106
217102 217106
217103 217106
217104 217106
217105 217106
200401 216402
201204 216402
201205 216402
201206 216402
211901 216402
214301 216402
216302 216402
216401 216402
216402 216403
216402 216505
216402 217104
216402 217401
216402 218202
202101 216404
202102 216404
216302 216404
216401 216404
216402 216404
216403 216404
216404 216505
216404 217104
216404 218202
201101 201102
201101 201103
201101 201801
201101 201104
201102 201104
201103 201104
201102 202001
201102 202002
201801 202002
202001 202002
200901 204203
201102 204203
201103 204203
204203 204204
204203 206601
201103 217702
209702 209801
200901 203701
203701 203702
203701 212901
203701 212903
203701 214801
203701 214901
203701 214902
203701 216901
203701 217001
212701 214901
212701 214902
212701 212704
212704 214901
212704 214902
214901 214903
214902 214903
203401 203402
203401 209501
203401 209502
203401 209504
204504 205002
204801 205002
205002 205501
205002 208402
205002 209502
209101 209104
209102 209104
209104 209302
209104 209502
209104 209504
209201 209501
209201 209502
209201 209504
209302 209404
209401 209404
209404 209502
209404 209504
203401 209503
205301 209503
209201 209503
209401 209503
209501 209503
209502 209503
209503 209504
209501 209505
209502 209505
209503 209505
209504 209505
209505 216403
209501 209506
209502 209506
209503 209506
209504 209506
209505 209506
205002 218302
208201 218302
209502 218302
209504 218302
218301 218302
211901 213001
213001 213003
213001 216901
213001 216902
200201 200202
200201 200401
200201 200402
200201 200901
200201 200903
200201 216902
200201 216906
213001 213002
213002 213003
213002 216902
210601 210603
210602 210603
210603 216904
215001 215003
215003 216403
215003 216904
216702 216704
216704 216906
217001 217002
217001 217003
217002 217003
217001 217004
217002 217004
217003 217004
201501 201503
201502 201503
201503 201601
201503 201602
201602 202803
202201 202803
202801 202803
202803 208604
201602 204103
204102 204103
203901 203903
203903 214201
205302 208904
208901 208904
208904 213002
208904 214201
212901 212902
212902 212903
212902 212907
212902 213702
212902 214102
212902 214201
212902 214503
212902 214504
212902 214202
213801 214202
214102 214202
214201 214202
212902 214203
213801 214203
214102 214203
214103 214203
214104 214203
214201 214203
214202 214203
214201 214204
214202 214204
214203 214204
214201 214205
214202 214205
214203 214205
214204 214205
212902 214206
213801 214206
214102 214206
214201 214206
214202 214206
214203 214206
214204 214206
214205 214206
205301 205402
205302 205402
205401 205402
205402 205501
205402 205502
205402 205702
205402 208802
205402 209401
205402 209702
205402 210001
205401 205701
205601 205701
205701 205702
205701 205703
205702 205703
201002 211802
211504 211802
211801 211802
211802 211805
211802 212102
211802 212502
215301 215303
215302 215303
215303 215305
215303 215306
215303 215307
215301 215304
215302 215304
215303 215304
215304 215305
215304 215306
215304 215307
215301 215308
215302 215308
215303 215308
215304 215308
215305 215308
215306 215308
215307 215308
201501 201504
201502 201504
201503 201504
201504 201601
201501 201505
201502 201505
201503 201505
201504 201505
201505 201601
202001 204101
202002 204101
204101 204102
204101 204103
204101 204104
204102 204104
204103 204104
203701 203703
203702 203703
203701 203704
203702 203704
203703 203704
203704 213002
203702 204202
204202 204203
204202 204204
204202 204502
203702 212908
212901 212908
212902 212908
212903 212908
212907 212908
212908 214102
203702 213601
212304 213601
212306 213601
211101 211103
211102 211103
211101 211104
211102 211104
211103 211104
212801 212802
212802 214902
212802 216403
214301 214302
214302 214902
204701 205001
204801 205001
205001 205002
205001 206001
205001 208601
205401 208902
208901 208902
208902 208904
208902 209802
204403 209803
204403 216403
200101 200102
200102 200105
200102 210404
200101 200103
200102 200103
200103 200105
200101 200104
200102 200104
200103 200104
200104 200105
200101 212702
212701 212702
212702 212704
212601 212603
212602 212603
212601 212604
212602 212604
212603 212604
212601 212605
212602 212605
212603 212605
212604 212605
212605 214401
213201 213202
213201 213203
213202 213203
213201 213204
213202 213204
213203 213204
210201 210202
210202 210602
210201 210203
210202 210203
210201 210204
210202 210204
210203 210204
210201 210205
210202 210205
210203 210205
210204 210205
210201 210206
210202 210206
210203 210206
210204 210206
210205 210206
211601 211602
211602 211802
211602 211805
211602 212102
211601 211603
211602 211603
211601 211604
211602 211604
211603 211604
201801 211902
208802 211902
211503 211902
211801 211902
211901 211902
211902 211903
211902 211904
211902 212102
211902 212306
211902 214102
211902 214104
211902 214301
211902 216401
211902 217401
212901 212904
212902 212904
212903 212904
212904 212907
212904 212908
212904 214102
212904 214103
212904 214104
200401 214502
203701 214502
212902 214502
213702 214502
214102 214502
214501 214502
214502 214503
214502 214504
201201 201204
201201 201205
201201 201206
201201 211001
201201 212102
201201 214301
201201 216402
201201 201202
201202 201204
201202 201205
201202 201206
201202 211001
201202 212102
201202 214301
201202 216402
201201 201203
201202 201203
201203 201204
201203 201205
201203 201206
201203 211001
201203 212102
201203 214301
201203 216402
201201 201207
201202 201207
201203 201207
201204 201207
201205 201207
201206 201207
201201 201208
201202 201208
201203 201208
201204 201208
201205 201208
201206 201208
201207 201208
201201 201209
201202 201209
201203 201209
201204 201209
201205 201209
201206 201209
201207 201209
201208 201209
201201 201210
201202 201210
201203 201210
201204 201210
201205 201210
201206 201210
201207 201210
201208 201210
201209 201210
201201 213301
201202 213301
201203 213301
201204 213301
201205 213301
201206 213301
201205 214001
201206 214001
214001 214401
203601 203603
203602 203603
203601 203604
203602 203604
203603 203604
203601 203605
203602 203605
203603 203605
203604 203605
203601 218101
201501 201506
201502 201506
201503 201506
201504 201506
201505 201506
203101 203103
203102 203103
203101 203104
203102 203104
203103 203104
203501 203502
203502 214504
203501 203503
203502 203503
203501 203504
203502 203504
203503 203504
212501 212503
212502 212503
212501 212504
212502 212504
212503 212504
212501 212505
212502 212505
212503 212505
212504 212505
212501 212506
212502 212506
212503 212506
212504 212506
212505 212506
214801 214803
214802 214803
201202 201802
201301 201802
201302 201802
201801 201802
201802 202001
201802 202101
201802 211902
201802 212801
200202 202103
202101 202103
202102 202103
202101 202104
202102 202104
202103 202104
203901 203902
203902 203903
203901 203904
203902 203904
203903 203904
203901 203905
203902 203905
203903 203905
203904 203905
210402 210605
210601 210605
210602 210605
210603 210605
210402 213102
213003 213102
213102 213601
210901 210903
210902 210903
210901 210904
210902 210904
210903 210904
210901 214602
214501 214602
202201 214402
214401 214402
214402 214503
214402 215304
214402 216404
214401 214601
214502 214601
214601 214602
209101 209103
209102 209103
209103 209104
210601 210604
210602 210604
210603 210604
210604 210605
211901 218801
200401 200403
200402 200403
200403 210404
201001 201003
201002 201003
201001 201004
201002 201004
201003 201004
202801 202802
202802 202803
202801 202804
202802 202804
202803 202804
202801 202901
202801 202902
202802 202902
202803 202902
202901 202902
202801 218001
202802 218001
212306 216001
214104 214702
214402 214702
214503 214702
214504 214702
214104 214703
214702 214703
214501 214505
214502 214505
214503 214505
214504 214505
214501 214506
214502 214506
214503 214506
214504 214506
214505 214506
214501 217801
214502 217801
216301 216302
216301 216702
200401 216701
216701 216702
216701 216704
216701 217801
216701 216703
216702 216703
216703 216704
216702 217802
217801 217802
201801 201803
201802 201803
201801 201804
201802 201804
201803 201804
205101 205301
205101 205302
205101 205401
205101 205402
205101 205501
205101 205602
205101 206001
205101 208605
205101 208606
205101 208801
205001 205102
205002 205102
205101 205102
205102 205302
205102 205402
205102 205501
205102 207802
205102 208701
205501 205503
205502 205503
205501 205504
205502 205504
205503 205504
205501 205505
205502 205505
205503 205505
205504 205505
205501 208202
208101 208202
208201 208202
208202 208402
208202 208503
208202 208805
208202 208901
208202 209001
204801 208401
205002 208401
205501 208401
208201 208401
208202 208401
208401 208402
205101 208803
205501 208803
206301 208803
208801 208803
208802 208803
208803 208805
204502 208804
205501 208804
208503 208804
208801 208804
208802 208804
208803 208804
208804 208805
208804 209002
205101 217501
205501 217501
205502 217501
205601 217501
205501 217502
205502 217502
205602 217502
217501 217502
205501 217601
205502 217601
205601 205603
205602 205603
205603 205604
205601 205605
205602 205605
205603 205605
205604 205605
204501 204502
204501 204504
204501 207703
204501 207903
204501 208801
204501 208802
204501 216401
204501 217101
206601 206701
206701 207101
206701 207402
206701 208701
206701 208801
206701 208803
208801 208806
208802 208806
208803 208806
208804 208806
208805 208806
208701 218501
208801 218501
208805 218501
208801 218601
209001 209003
209002 209003
209001 209004
209002 209004
209003 209004
209001 209005
209002 209005
209003 209005
209004 209005
211801 211803
211802 211803
211803 211805
211801 211804
211802 211804
211803 211804
211804 211805
211701 211702
211702 211903
211702 211904
205101 206201
205102 206201
206201 206202
206201 206206
206201 208701
203401 208102
204502 208102
205101 208102
208101 208102
208102 208701
205102 208702
208701 208702
208701 208703
208702 208703
212701 212703
212702 212703
212703 212704
212703 213003
212703 214504
211702 213004
211802 213004
213001 213004
213002 213004
213003 213004
213004 213401
213004 214504
213004 217401
213001 213005
213002 213005
213003 213005
213004 213005
203701 213101
213001 213101
213003 213101
213101 213102
213101 213601
213101 216805
201901 214103
204403 204406
204406 214103
210101 214103
216401 216405
216402 216405
216403 216405
216404 216405
216401 216406
216402 216406
216403 216406
216404 216406
216405 216406
200401 200404
200402 200404
200403 200404
200401 200405
200402 200405
200403 200405
200404 200405
200401 200406
200402 200406
200403 200406
200404 200406
200405 200406
204801 204802
204802 204805
204802 205002
204802 206202
204801 204803
204802 204803
204803 204805
204801 204804
204802 204804
204803 204804
204804 204805
213702 218402
218401 218402
205602 207302
207301 207302
207302 207802
212801 212803
212802 212803
212801 212804
212802 212804
212803 212804
214301 214303
214302 214303
216301 216303
216302 216303
216303 216401
215001 215002
215002 215003
205402 210002
208501 210002
208502 210002
208503 210002
210001 210002
213401 213402
213401 213403
213402 213403
213401 213404
213402 213404
213403 213404
200201 200203
200202 200203
200201 200204
200202 200204
200203 200204
201301 201303
201302 201303
204201 204202
204201 204203
204201 204204
204201 204205
204202 204205
204203 204205
204204 204205
204201 204206
204202 204206
204203 204206
204204 204206
204205 204206
204201 204207
204202 204207
204203 204207
204204 204207
204205 204207
204206 204207
210502 215602
205301 206702
205302 206702
206701 206702
206702 208802
205302 205802
205801 205802
205101 207401
205302 207401
207102 207401
207301 207401
207401 207402
205401 205403
205402 205403
205401 205404
205402 205404
205403 205404
205401 205405
205402 205405
205403 205405
205404 205405
205401 205406
205402 205406
205403 205406
205404 205406
205405 205406
205401 206101
206101 206201
204301 207402
204301 208401
204301 209503
204403 204404
204404 204406
204404 206601
204404 207402
204504 206703
205101 206703
206601 206703
206701 206703
206702 206703
206703 207402
206703 208804
204801 207403
206701 207403
207301 207403
207401 207403
207402 207403
207401 218602
207402 218602
208402 218602
218601 218602
206801 206803
206802 206803
206801 206804
206802 206804
206803 206804
207001 207003
207002 207003
207001 207004
207002 207004
207003 207004
218301 218303
218302 218303
218301 218304
218302 218304
218303 218304
205402 206102
206101 206102
206102 206201
206102 206202
206201 206203
206202 206203
206203 206206
206201 206204
206202 206204
206203 206204
206204 206206
206201 206205
206202 206205
206203 206205
206204 206205
206205 206206
206202 206403
205801 205803
205802 205803
205803 206001
205801 205804
205802 205804
205803 205804
205801 205805
205802 205805
205803 205805
205804 205805
205805 206601
205102 206002
206001 206002
206002 206102
206001 206402
206402 206403
206301 206302
206301 206303
206302 206303
206301 206304
206302 206304
206303 206304
206501 206601
206501 206502
206502 206601
204504 206602
205102 206602
206502 206602
206601 206602
206602 206702
206602 206703
206601 206603
206602 206603
205101 207701
207701 207703
207701 207702
207702 207703
207101 207801
207703 207801
207801 207802
207801 207903
207801 211902
204902 204903
204902 208302
204701 204702
204702 208402
208401 208403
208402 208403
208402 218502
208805 218502
218501 218502
207201 207202
207202 207802
207602 207801
207602 207802
207602 208401
207602 208902
207801 207803
207802 207803
207801 207804
207802 207804
207803 207804
207102 208001
207801 208001
207802 208001
208001 211802
204601 204701
204601 205001
204601 204602
204602 204701
204602 204702
204602 207602
204701 204703
204702 204703
204701 204704
204702 204704
204703 204704
204701 204705
204702 204705
204703 204705
204704 204705
205101 207303
207301 207303
207302 207303
207301 207304
207302 207304
207303 207304
208201 208203
208202 208203
207502 208603
208901 208903
208902 208903
208903 208904
208901 209701
208902 209701
209701 209702
207101 207103
207102 207103
207101 207104
207102 207104
207103 207104
207101 207105
207102 207105
207103 207105
207104 207105
207101 207501
207102 207501
207501 207502
207501 207801
208501 208504
208502 208504
208503 208504
208501 208505
208502 208505
208503 208505
208504 208505
208501 208506
208502 208506
208503 208506
208504 208506
208505 208506
208503 210102
210101 210102
204402 204403
204402 204404
204402 204406
204402 204504
204402 205002
204402 208802
205201 208802
200502 208805
204504 206704
205001 206704
205002 206704
205102 206704
206602 206704
206701 206704
206702 206704
206703 206704
206704 208102
206704 208803
206704 208804
206704 208805
208805 215101
204501 204503
204502 204503
204503 204504
204503 209503
204901 204902
204901 204903
204901 205001
204901 205002
204601 204904
204901 204904
204902 204904
204903 204904
204901 204905
204902 204905
204903 204905
204904 204905
204901 204906
204902 204906
204903 204906
204904 204906
204905 204906
207201 207203
207202 207203
207201 207204
207202 207204
207203 207204
209401 209402
209402 209404
209401 209403
209402 209403
209403 209404
209403 209501
209401 209405
209402 209405
209403 209405
209404 209405
203401 203403
203402 203403
203401 203404
203402 203404
203403 203404
203404 209501
203401 203405
203402 203405
203403 203405
203404 203405
205901 206002
205901 207401
205901 209501
204402 204407
204403 204407
204404 204407
204406 204407
204407 209602
209901 209902
209901 209903
209902 209903
211701 211703
211702 211703
218401 218403
218402 218403
218401 218404
218402 218404
218403 218404
218401 218405
218402 218405
218403 218405
218404 218405
213001 215801
215801 215802
215801 215803
215802 215803
215801 215804
215802 215804
215803 215804
212901 212905
212902 212905
212903 212905
212904 212905
212905 212907
212905 212908
212901 212906
212902 212906
212903 212906
212904 212906
212905 212906
212906 212907
212906 212908
212901 212909
212902 212909
212903 212909
212904 212909
212905 212909
212906 212909
212907 212909
212908 212909
212901 212910
212902 212910
212903 212910
212904 212910
212905 212910
212906 212910
212907 212910
212908 212910
212909 212910
204401 204402
204401 204403
204401 204404
204401 204406
204401 204407
204401 204502
204401 205001
213801 214705
214702 214705
214703 214705
216301 216304
216302 216304
216303 216304
216301 216305
216302 216305
216303 216305
216304 216305
217901 217902
217901 217903
217902 217903
217901 217904
217902 217904
217903 217904
217901 217905
217902 217905
217903 217905
217904 217905
217901 217906
217902 217906
217903 217906
217904 217906
217905 217906
217901 217907
217902 217907
217903 217907
217904 217907
217905 217907
217906 217907
216001 216002
216002 216402
202001 202003
202002 202003
202003 216404
202001 202004
202002 202004
202003 202004
217701 217702
200501 200502
200501 203701
205001 205003
205002 205003
204901 205004
205001 205004
205002 205004
205003 205004
205004 205102
205004 206002
205004 206602
205004 206704
205001 205005
205002 205005
205003 205005
205004 205005
205001 205006
205002 205006
205003 205006
205004 205006
205005 205006
205001 205007
205002 205007
205003 205007
205004 205007
205005 205007
205006 205007
209201 209202
209201 209203
209202 209203
213002 213605
213601 213605
213102 213602
213601 213602
213602 213605
213601 213603
213602 213603
213603 213605
213601 213604
213602 213604
213603 213604
213604 213605
213601 213606
213602 213606
213603 213606
213604 213606
213605 213606
208902 218902
204401 204405
204402 204405
204403 204405
204404 204405
204405 204406
204405 204407
213004 213302
213301 213302
213301 213303
213302 213303
213301 213304
213302 213304
213303 213304
213102 214002
214001 214002
214001 214003
214002 214003
213102 214004
214001 214004
214002 214004
214003 214004
214001 214005
214002 214005
214003 214005
214004 214005
218101 218102
218101 218103
218102 218103
218101 218104
218102 218104
218103 218104
213101 213103
213102 213103
213101 213104
213102 213104
213103 213104
218801 218802
218801 218803
218802 218803
218801 218804
218802 218804
218803 218804
202901 202903
202902 202903
202901 202904
202902 202904
202903 202904
214701 214702
214701 214703
214701 214705
208803 214704
214701 214704
214702 214704
214703 214704
214704 214705
217801 217803
217802 217803
217801 217804
217802 217804
217803 217804
216601 216701
205101 205103
205102 205103
205101 205104
205102 205104
205103 205104
205101 207601
205102 207601
207601 207602
207601 207801
207601 208401
217501 217503
217502 217503
217501 217504
217502 217504
217503 217504
217501 217505
217502 217505
217503 217505
217504 217505
217601 217602
217601 217603
217602 217603
206701 206705
206702 206705
206703 206705
206704 206705
206701 206706
206702 206706
206703 206706
206704 206706
206705 206706
218501 218503
218502 218503
218601 218603
218602 218603
218601 218604
218602 218604
218603 218604
218601 218605
218602 218605
218603 218605
218604 218605
206201 206401
206401 206402
206401 206403
201901 201902
201901 201903
201902 201903
210101 210103
210102 210103
215601 215602
215601 215603
215602 215603
215601 215604
215602 215604
215603 215604
215601 215605
215602 215605
215603 215605
215604 215605
204301 204302
204302 207401
206101 206103
206102 206103
204301 204303
204302 204303
206401 206404
206402 206404
206403 206404
206401 206405
206402 206405
206403 206405
206404 206405
205901 205902
205902 206002
205901 205903
205902 205903
205903 206002
206501 206503
206502 206503
205004 206504
206501 206504
206502 206504
206503 206504
206501 206505
206502 206505
206503 206505
206504 206505
206501 206506
206502 206506
206503 206506
206504 206506
206505 206506
207601 207603
207602 207603
207601 207604
207602 207604
207603 207604
207601 207605
207602 207605
207603 207605
207604 207605
207601 207606
207602 207606
207603 207606
207604 207606
207605 207606
208001 208002
204601 204603
204602 204603
204601 204604
204602 204604
204603 204604
207501 207503
207502 207503
207501 207504
207502 207504
207503 207504
205201 205202
205201 205203
205202 205203
200501 200503
200502 200503
200501 200504
200502 200504
200503 200504
215101 215102
205901 205904
205902 205904
205903 205904
218901 218902
218901 218903
218902 218903
218901 218904
218902 218904
218903 218904
218901 218905
218902 218905
218903 218905
218904 218905
218901 218906
218902 218906
218903 218906
218904 218906
218905 218906
218901 218907
218902 218907
218903 218907
218904 218907
218905 218907
218906 218907
218901 218908
218902 218908
218903 218908
218904 218908
218905 218908
218906 218908
218907 218908
218901 218909
218902 218909
218903 218909
218904 218909
218905 218909
218906 218909
218907 218909
218908 218909
216601 216602