322501 325602
324302 325602
322501 324801
324801 325602
324302 325102
324801 325102
325102 325602
322501 325601
324801 325601
325102 325601
325601 325602
325601 325603
325602 325603
325601 325604
325602 325604
325603 325604
325601 325605
325602 325605
325603 325605
325604 325605
325602 325804
324302 325902
325102 325902
325601 325902
325602 325902
325804 325902
325102 325903
325602 325903
325804 325903
325902 325903
325102 325905
325602 325905
325804 325905
325902 325905
325903 325905
325601 326601
325602 326601
325601 327001
325602 327001
313804 322501
321801 322501
321801 324801
321801 321802
321802 322501
321802 324801
322501 322502
322501 322503
322502 322503
322501 322504
322502 322504
322503 322504
322501 322505
322502 322505
322503 322505
322504 322505
322501 323903
321801 324802
321802 324802
322501 324802
324302 324802
324801 324802
308501 324302
322104 324302
322104 324801
322902 324302
323001 324302
323001 325601
323001 327001
323001 323002
323002 324302
308501 324301
322902 324301
323001 324301
323002 324301
324301 324302
324301 325102
308501 324303
321801 324303
323001 324303
323903 324303
324301 324303
324302 324303
324303 325102
323001 324304
323002 324304
324301 324304
324302 324304
324303 324304
324304 325102
324301 324305
324302 324305
324303 324305
324304 324305
324301 324306
324302 324306
324303 324306
324304 324306
324305 324306
324301 324307
324302 324307
324303 324307
324304 324307
324305 324307
324306 324307
323001 325201
324301 325201
324302 325201
324303 325201
324304 325201
324801 325201
325102 325201
324301 325202
324302 325202
324303 325202
324304 325202
325102 325202
325201 325202
324302 325203
324303 325203
324304 325203
325102 325203
325201 325203
325202 325203
324301 325204
324302 325204
324303 325204
324304 325204
325102 325204
325201 325204
325202 325204
325203 325204
301301 324301
301301 324801
302802 324801
302802 325603
302802 304001
304001 324801
307002 324801
307002 324802
307204 324801
307204 324802
313001 324801
315704 324801
316103 324801
321701 321801
321701 321802
321701 324801
322704 324801
322704 325102
322704 325203
324801 324803
324802 324803
324801 324804
324802 324804
324803 324804
324801 324805
324802 324805
324803 324805
324804 324805
324801 324902
324802 324902
324801 325501
325501 325902
325501 325903
325501 325905
324801 325801
325501 325801
325801 325804
325801 325902
325801 325903
324801 326501
324802 326501
324902 326501
324801 326502
324802 326502
324902 326502
326501 326502
324801 327101
325203 327101
325204 327101
305902 325102
306601 325102
319302 325102
319302 326501
319302 326502
321003 325102
321502 324902
321502 325102
321502 325804
321907 322704
321907 325102
321802 323202
323002 323202
323202 325102
324303 325101
325101 325102
325101 325201
325101 325202
325101 325204
325101 325905
325101 325103
325102 325103
325101 325104
325102 325104
325103 325104
325101 325105
325102 325105
325103 325105
325104 325105
325101 325106
325102 325106
325103 325106
325104 325106
325105 325106
325102 325901
325501 325901
325801 325901
325804 325901
325901 325902
325901 325903
325901 325905
325102 326001
325801 326001
325101 326101
325102 326101
303402 305902
303402 325601
316004 325605
325801 325802
325802 325804
325802 325901
325802 325902
325802 326001
325801 325803
325802 325803
325803 325804
325801 325805
325802 325805
325803 325805
325804 325805
325804 326202
325903 326202
326202 326501
326202 326502
313001 326801
325801 326801
325802 326801
325804 326801
325802 326802
325804 326802
326801 326802
326802 327001
313001 326901
325802 326901
325804 326901
325903 326901
325905 326901
326202 326901
326801 326901
326901 327001
326901 327101
322902 326902
325804 326902
325905 326902
326502 326902
326901 326902
326902 327001
326902 327101
325804 327301
325901 327301
325903 327301
325905 327301
326801 327301
326901 327301
325804 327302
325905 327302
326502 327302
326802 327302
326902 327302
327301 327302
312901 313001
312901 325201
312901 325501
312901 325901
312901 325902
312901 325903
312901 325905
321602 325902
321907 323404
322104 323404
323202 323404
323404 325202
323404 325902
323404 327001
312901 323602
323602 325501
323602 325902
323701 325902
322104 324402
324402 324902
324402 325902
324402 327001
324402 327101
323903 324909
324902 324909
324909 325902
324802 325502
325501 325502
325502 325901
325502 325902
325502 326802
325502 326902
325101 325904
325901 325904
325902 325904
325903 325904
325904 325905
325902 326102
326101 326102
322004 325903
322004 322005
322005 325903
325903 327601
326901 327601
325905 326002
326001 326002
303401 303402
303401 312901
303401 321502
303401 325101
303401 325501
303401 326501
303401 326601
303401 326901
303401 326902
303401 327301
303401 327601
326601 326602
303401 326603
303402 326603
326601 326603
326602 326603
324902 326604
326601 326604
326602 326604
326603 326604
326601 326605
326602 326605
326603 326605
326604 326605
324902 326606
326601 326606
326602 326606
326603 326606
326604 326606
326605 326606
326601 326607
326602 326607
326603 326607
326604 326607
326605 326607
326606 326607
326601 326608
326602 326608
326603 326608
326604 326608
326605 326608
326606 326608
326607 326608
326601 326609
326602 326609
326603 326609
326604 326609
326605 326609
326606 326609
326607 326609
326608 326609
301101 327001
304801 327001
316302 327001
322601 322704
322601 324402
322601 327001
323301 325202
323301 327001
323301 323401
323401 323404
323401 324802
323401 325201
323401 325901
323401 327001
305902 323403
323401 323403
323403 323404
323403 325201
323403 326608
323403 327001
323401 324401
323403 324401
323404 324401
324401 324402
324401 327001
324401 327101
323403 324501
324401 324501
324402 324501
324501 327001
304801 327002
322601 327002
323301 327002
323404 327002
324401 327002
324402 327002
324501 327002
326802 327002
326901 327002
326902 327002
327001 327002
327001 327003
327002 327003
327001 327004
327002 327004
327003 327004
327001 327005
327002 327005
327003 327005
327004 327005
308003 313804
308003 324501
313801 313804
313801 313802
313802 313804
313802 316302
313801 313803
313802 313803
313803 313804
313801 313805
313802 313805
313803 313805
313804 313805
313801 313806
313802 313806
313803 313806
313804 313806
313805 313806
313801 313807
313802 313807
313803 313807
313804 313807
313805 313807
313806 313807
313801 313808
313802 313808
313803 313808
313804 313808
313805 313808
313806 313808
313807 313808
301301 315001
313801 315001
313804 315001
313805 315001
315001 316302
313801 315002
313804 315002
313805 315002
315001 315002
313804 315502
313805 315502
313804 315503
313805 315503
315502 315503
313801 317401
313802 317401
313804 317401
317401 319302
303401 310001
310001 321801
317201 321602
317201 321801
317201 321802
317201 323001
317201 323002
317201 324501
320902 321801
321003 321007
321007 321801
321007 321802
303401 321101
320902 321101
321101 321801
321101 325101
321101 326501
321101 321102
321102 321602
321102 321801
321102 321802
321801 321803
321802 321803
321801 321804
321802 321804
321803 321804
321801 321805
321802 321805
321803 321805
321804 321805
321801 321806
321802 321806
321803 321806
321804 321806
321805 321806
321801 322302
321802 322302
322104 322302
322302 322601
322302 327302
321801 327102
327101 327102
319702 321802
303401 323201
321802 323201
323001 323201
323201 323202
323201 323401
323201 323403
301301 305901
305901 305902
305901 317201
305901 323201
305901 323903
321101 322102
321701 322102
322102 322104
322102 322902
322102 323201
322102 323301
322102 323403
322102 323903
322102 324401
323001 323603
323002 323603
323602 323603
323603 323903
323201 323702
323202 323702
323701 323702
323702 323903
303401 323802
322104 323802
323202 323802
323603 323802
323802 323903
323802 327302
303401 323901
317201 323901
322104 323901
323001 323901
323802 323901
323901 323903
323901 326801
323901 327301
303401 323902
317201 323902
323001 323902
323002 323902
323603 323902
323802 323902
323901 323902
323902 323903
323902 324902
323902 327301
323901 323904
323902 323904
323903 323904
323901 323905
323902 323905
323903 323905
323904 323905
323901 323906
323902 323906
323903 323906
323904 323906
323905 323906
323901 323907
323902 323907
323903 323907
323904 323907
323905 323907
323906 323907
303401 324901
322104 324901
323001 324901
323002 324901
323401 324901
323901 324901
323903 324901
324303 324901
324304 324901
324501 324901
324901 324902
324901 324909
324901 325201
324901 326501
324901 327601
301301 324903
323901 324903
323903 324903
324901 324903
324902 324903
324903 324909
324903 326603
324903 326608
324903 327601
304001 304002
304002 324802
303401 307602
303402 307602
307602 324802
303401 324904
324304 324904
324802 324904
324901 324904
324902 324904
324903 324904
324904 324909
324904 326502
322902 326401
324802 326401
324902 326401
324903 326401
326401 326501
326401 326502
326401 326605
326401 326606
302801 302802
302801 304001
302801 308501
302801 327302
302801 327601
303401 303601
303601 304801
303601 308501
303601 324301
303601 324303
303601 324903
303601 325201
308501 308502
308502 313801
308501 308603
308603 310001
308603 313802
321701 322101
322101 322102
322101 322104
322101 322902
322101 323403
322101 323404
322101 326401
321701 322103
322101 322103
322102 322103
322103 322104
322103 322902
322101 322105
322102 322105
322103 322105
322104 322105
322101 322106
322102 322106
322103 322106
322104 322106
322105 322106
322101 322107
322102 322107
322103 322107
322104 322107
322105 322107
322106 322107
321907 322702
322104 322702
322702 322704
322702 323802
322702 324902
322104 323402
323401 323402
323402 323403
323402 323404
323402 324401
323402 324402
323402 327002
322104 324003
323402 324003
323403 324003
323404 324003
323902 324003
304303 322902
303401 315201
315001 315201
315201 316302
315201 322902
305902 321601
321601 321602
321601 322902
321902 321907
321902 322902
321902 323001
321902 323002
303401 322901
322901 322902
322901 323901
322901 322903
322902 322903
322903 326401
322901 322904
322902 322904
322903 322904
322901 322905
322902 322905
322903 322905
322904 322905
322103 323302
322704 323302
322902 323302
323301 323302
323302 323402
323302 323404
311801 317201
311801 323001
311801 324901
323001 323003
323002 323003
323001 323004
323002 323004
323003 323004
323001 323005
323002 323005
323003 323005
323004 323005
303401 317202
317201 317202
317202 323002
321907 322703
322702 322703
322703 322704
322703 323002
322703 323301
322703 323302
322703 323701
322703 323702
322703 325101
302701 324301
302801 302904
302904 324301
303301 303401
303301 321601
303301 324301
303301 326102
320801 324301
321901 321902
321901 321907
321901 322703
321901 324301
321901 325201
321901 325202
321901 325203
321901 325204
321901 321903
321902 321903
321903 321907
321903 322704
321903 324303
321903 325101
324303 325206
325201 325206
325202 325206
325203 325206
325204 325206
321901 321905
321902 321905
321903 321905
321905 321907
321905 324304
324304 326302
324304 327106
327101 327106
327102 327106
303401 303403
303402 303403
303403 325201
303403 325202
306601 307001
307001 307002
307001 325201
317902 325201
320401 323201
320401 325201
322601 322801
322801 323201
322801 323202
322801 323301
322801 324401
322801 324402
322801 325101
322801 325201
322801 326401
323102 325201
325201 325205
325202 325205
325203 325205
325204 325205
325205 325206
325201 325207
325202 325207
325203 325207
325204 325207
325205 325207
325206 325207
325201 325208
325202 325208
325203 325208
325204 325208
325205 325208
325206 325208
325207 325208
325201 327104
325202 327104
325203 327104
325204 327104
327101 327104
327102 327104
327104 327106
303403 303804
303804 313805
303804 325202
303804 325502
315907 325204
325204 327201
301301 301302
301302 307002
301301 301303
301302 301303
301301 305701
305701 307204
301301 306802
303401 306802
306802 326502
300101 302802
302401 302801
302401 302802
302401 304303
302401 313801
302401 302803
302801 302803
302802 302803
302803 304001
302801 302804
302802 302804
302803 302804
302804 304001
302801 302805
302802 302805
302803 302805
302804 302805
302801 302806
302802 302806
302803 302806
302804 302806
302805 302806
302801 302807
302802 302807
302803 302807
302804 302807
302805 302807
302806 302807
302801 302808
302802 302808
302803 302808
302804 302808
302805 302808
302806 302808
302807 302808
302801 302902
302802 302902
302902 302904
302902 320801
302902 324401
302902 327601
302802 307902
307902 308003
302802 314101
302802 318202
300601 303301
300601 304001
300601 304002
303201 303401
303201 304001
303201 305902
304001 304003
304002 304003
304001 304004
304002 304004
304003 304004
301101 304101
302904 304101
304001 304101
300101 304202
303201 304202
304001 304202
301101 304901
304001 304901
304202 304901
304801 304901
303804 305301
304001 305301
304202 305301
304901 305301
304001 305401
305301 305401
300101 305501
300601 305501
301101 305501
303401 305501
303601 305501
304001 305501
304002 305501
305401 305501
305501 318202
305501 325801
305501 325802
305501 326501
304001 309201
309201 323102
304001 314601
302801 322301
304001 322301
322301 322302
322301 322601
302801 327501
304001 327501
304002 327501
304303 327501
327501 327601
306601 306602
306602 307002
306601 306604
306602 306604
306604 307001
306604 307002
306701 306802
306701 307001
306701 307002
306701 306704
306704 307002
306901 307001
306901 307002
307001 307003
307002 307003
307001 307004
307002 307004
307003 307004
305501 309401
307002 309401
309201 309401
309401 317401
307002 327902
303403 305903
305901 305903
305902 305903
305903 307204
303201 306104
303401 306104
306104 307204
306104 307602
306502 306704
306502 307204
306502 313805
305701 307201
306502 307201
307201 307204
307201 307602
305701 307202
307201 307202
307202 307204
303401 307203
306502 307203
307201 307203
307202 307203
307203 307204
307203 307602
307203 321602
305701 307205
306104 307205
306502 307205
307201 307205
307202 307205
307203 307205
307204 307205
307205 323402
307205 327902
307201 307206
307202 307206
307203 307206
307204 307206
307205 307206
305901 307501
305903 307501
307201 307501
307202 307501
307203 307501
307204 307501
307501 309201
307204 307504
307205 307504
307501 307504
307504 308603
306701 308701
307204 308701
306104 311201
307204 311201
311201 322302
307204 311202
308502 311202
311201 311202
302801 310801
303301 310801
305901 310801
310801 311201
310801 313001
310801 322301
310801 322302
310801 327601
312901 313002
313001 313002
313002 316103
312901 313003
313001 313003
313002 313003
313001 313004
313002 313004
313003 313004
313001 313005
313002 313005
313003 313005
313004 313005
313001 313006
313002 313006
313003 313006
313004 313006
313005 313006
313001 313101
313101 313805
313001 313102
313003 313102
313101 313102
313102 313805
312901 327801
313001 327801
313002 327801
302701 315204
315002 315204
315201 315204
315204 315704
315701 315704
315701 327501
315701 315702
315702 315704
313802 315703
315701 315703
315702 315703
315703 315704
315701 315705
315702 315705
315703 315705
315704 315705
315701 315706
315702 315706
315703 315706
315704 315706
315705 315706
315204 316303
315704 316303
316302 316303
300601 301001
301001 301101
301001 304303
301001 308603
301001 316103
303002 306901
303002 307201
303002 316103
306801 306802
306801 306901
306801 309401
306801 316103
316101 316103
316101 325101
316101 316102
316102 316103
316101 316104
316102 316104
316103 316104
316101 316105
316102 316105
316103 316105
316104 316105
316101 316106
316102 316106
316103 316106
316104 316106
316105 316106
316103 319102
319102 323403
303401 321501
305501 321501
305701 321501
316103 321501
321501 321502
321501 323403
321501 325101
303401 326903
312901 326903
313002 326903
313003 326903
316103 326903
324901 326903
324903 326903
325901 326903
326901 326903
326902 326903
326903 327002
321701 321702
305903 306301
306104 306301
306301 307602
306301 322704
322701 322702
322701 322703
322701 322704
322702 323502
322703 323502
322704 323502
323502 326401
322703 323504
322704 323504
323502 323504
322702 324602
322703 324602
322704 324602
324602 324901
324602 324902
324602 324904
316703 324902
324901 324905
324902 324905
324903 324905
324904 324905
324905 324909
324901 324906
324902 324906
324903 324906
324904 324906
324905 324906
324906 324909
324901 324907
324902 324907
324903 324907
324904 324907
324905 324907
324906 324907
324907 324909
324901 324908
324902 324908
324903 324908
324904 324908
324905 324908
324906 324908
324907 324908
324908 324909
305902 326904
313003 326904
323603 326904
324902 326904
326502 326904
326901 326904
326902 326904
326903 326904
326904 327002
303402 327602
304002 327602
307602 327602
313003 327602
322703 327602
324902 327602
326904 327602
327601 327602
303401 312902
306502 312902
312901 312902
312902 313003
312902 321501
312902 325501
312902 325502
312902 326801
312902 326802
312902 326902
306301 316305
306601 316305
316302 316305
316303 316305
316305 317201
316305 324903
316305 324904
316305 325501
316305 327501
319701 319702
319701 325501
312901 321006
321003 321006
321006 321007
321006 325501
322801 324601
324601 324602
324601 324901
324601 325501
315001 325002
321501 325002
323403 325002
323802 325002
325002 325501
325002 326501
325002 326502
325002 327101
325501 325503
325502 325503
325501 325504
325502 325504
325503 325504
325501 325505
325502 325505
325503 325505
325504 325505
309301 325801
305901 319301
317401 319301
319301 319302
319301 322301
319301 323404
319301 326501
303401 321202
306701 321202
321202 321902
321202 322302
321202 326501
321202 326502
321101 321402
321102 321402
321402 326501
321501 325001
321502 325001
325001 325002
325001 326501
325001 326502
326501 326503
326502 326503
326501 326504
326502 326504
326503 326504
326501 326505
326502 326505
326503 326505
326504 326505
320302 326502
321201 321202
321201 326502
327101 327103
327102 327103
327103 327104
327103 327106
323402 327105
324901 327105
327101 327105
327102 327105
327103 327105
327104 327105
327105 327106
303301 303309
303309 305902
303201 305904
303309 305904
303403 305904
305901 305904
305902 305904
305903 305904
305904 307504
305904 321006
302701 314402
305902 314402
314402 315001
314402 315002
305902 319202
308003 319202
305902 321302
319702 321302
321101 321302
321102 321302
321302 321402
321302 321501
321302 321502
321302 322101
321302 322102
321302 322103
321302 322302
321302 325001
321302 325802
303803 303804
303803 305301
303803 306601
300101 304204
304202 304204
304204 304901
304204 305301
304204 306601
304204 323403
305301 305402
305401 305402
305402 305501
305402 306601
306601 306603
306602 306603
306603 306604
306601 306605
306602 306605
306603 306605
306604 306605
305701 311004
306601 311004
310801 311004
311004 311201
311004 321602
301001 320301
306601 320301
320301 320302
320301 321502
320301 326401
301702 319302
317303 319302
317902 318001
318001 319301
318001 319302
317902 318002
318001 318002
318002 319302
319301 319303
319302 319303
319301 319304
319302 319304
319303 319304
319301 319305
319302 319305
319303 319305
319304 319305
319301 319306
319302 319306
319303 319306
319304 319306
319305 319306
308701 319502
319302 319502
319502 321502
321001 321003
321001 321006
321001 321007
321001 325502
321001 321002
321002 321003
321002 321006
321002 321007
321002 321101
321002 325502
321001 321004
321002 321004
321003 321004
321004 321006
321004 321007
321001 321005
321002 321005
321003 321005
321004 321005
321005 321006
321005 321007
308701 321008
321001 321008
321002 321008
321003 321008
321004 321008
321005 321008
321006 321008
321007 321008
321001 321009
321002 321009
321003 321009
321004 321009
321005 321009
321006 321009
321007 321009
321008 321009
321001 321010
321002 321010
321003 321010
321004 321010
321005 321010
321006 321010
321007 321010
321008 321010
321009 321010
307101 321502
312902 313602
313602 321502
315602 321502
321501 321503
321502 321503
321501 321504
321502 321504
321503 321504
321901 321904
321902 321904
321903 321904
321904 321905
321904 321907
321901 321906
321902 321906
321903 321906
321904 321906
321905 321906
321906 321907
321901 321908
321902 321908
321903 321908
321904 321908
321905 321908
321906 321908
321907 321908
321901 321909
321902 321909
321903 321909
321904 321909
321905 321909
321906 321909
321907 321909
321908 321909
303401 306101
305901 306101
306101 306104
306101 306301
306101 307602
306101 323201
306101 323202
308202 321602
308202 323202
323201 323203
323202 323203
323201 323204
323202 323204
323203 323204
322801 324002
323201 324002
323202 324002
323401 324002
323403 324002
323901 324002
323902 324002
324002 324003
323201 324004
323202 324004
323404 324004
324002 324004
324003 324004
313401 325101
314801 325101
314801 326901
314402 316202
316102 316202
316202 325901
302904 307401
307401 307602
307401 307902
307401 326101
313602 319602
319502 319602
319602 321601
319602 323901
319602 326101
313602 319604
315702 319604
319602 319604
319604 321601
319604 326101
326101 326103
326102 326103
326101 326104
326102 326104
326103 326104
303111 303402
303401 303404
303402 303404
303403 303404
303401 303405
303402 303405
303403 303405
303404 303405
303401 303702
303402 303702
303702 303804
303702 319102
303401 303802
303402 303802
303601 303802
303702 303802
303802 303803
303802 303804
303401 305503
303402 305503
303403 305503
305401 305503
305402 305503
305501 305503
303401 313701
303402 313701
306101 313701
311801 313701
313602 313701
313701 313802
303402 317602
317602 319602
317602 319604
303402 329101
310001 310004
310004 316004
314702 316004
303403 314802
304204 314802
314801 314802
314802 316004
314801 315902
315201 315902
315204 315902
315902 315907
315902 316004
315902 316202
314601 316001
314801 316001
314802 316001
316001 316004
314601 316002
314702 316002
314801 316002
314802 316002
315902 316002
316001 316002
316002 316004
314801 316003
314802 316003
316001 316003
316002 316003
316003 316004
316003 325805
305901 316005
314801 316005
316001 316005
316002 316005
316003 316005
316004 316005
316005 321503
316005 325001
305301 316006
314702 316006
314801 316006
314802 316006
316001 316006
316002 316006
316003 316006
316004 316006
316005 316006
316006 323404
316001 316007
316002 316007
316003 316007
316004 316007
316005 316007
316006 316007
326201 326202
326201 326203
326202 326203
326201 326204
326202 326204
326203 326204
326201 326205
326202 326205
326203 326205
326204 326205
312902 326803
313002 326803
313003 326803
326801 326803
326802 326803
312902 326804
326801 326804
326802 326804
326803 326804
326801 326805
326802 326805
326803 326805
326804 326805
326801 326806
326802 326806
326803 326806
326804 326806
326805 326806
303501 305401
303501 306802
303501 326901
310305 326901
303803 317701
317701 326901
326901 326905
326902 326905
326903 326905
326904 326905
326901 326906
326902 326906
326903 326906
326904 326906
326905 326906
326901 326907
326902 326907
326903 326907
326904 326907
326905 326907
326906 326907
321102 327202
326901 327202
327201 327202
327202 327301
301302 301602
301602 303301
301602 308701
301602 326902
326902 327203
327201 327203
327202 327203
308701 327305
322101 327305
322102 327305
322103 327305
326902 327305
327301 327305
327302 327305
319501 319502
319501 319602
319501 327301
319602 323801
319604 323801
321501 323801
322102 323801
323403 323801
323602 323801
323603 323801
323801 323802
323801 323901
323801 323902
323801 324401
323801 325001
323801 327301
327301 327303
327302 327303
327303 327305
327301 327304
327302 327304
327303 327304
327304 327305
323101 323102
323101 323801
323101 327302
326702 327302
303301 303305
303305 303309
303305 312901
308603 310203
308701 310203
310203 310305
310203 312901
311101 312901
312901 312903
312902 312903
312901 312904
312902 312904
312903 312904
312901 320001
312901 326301
321501 326301
326301 326302
326301 326401
310203 327701
312901 327701
303002 303003
303003 321602
304204 305001
305001 305401
305001 321602
303309 305704
305701 305704
305704 321602
303301 311001
305701 311001
307501 311001
310305 311001
310801 311001
311001 311004
311001 311201
311001 321602
305701 311002
307501 311002
310801 311002
311001 311002
311002 311004
311002 311201
311002 321602
305701 311003
310801 311003
311001 311003
311002 311003
311003 311004
311003 311201
311003 321602
318601 321602
321601 321603
321602 321603
321601 321604
321602 321604
321603 321604
314601 325701
321602 325701
303401 307601
306104 307601
306605 307601
307601 307602
307601 313701
307601 323404
323401 323405
323402 323405
323403 323405
323404 323405
323401 323406
323402 323406
323403 323406
323404 323406
323405 323406
316301 316302
316301 316303
316301 316305
316301 322103
316301 323602
316301 327501
322801 323601
323601 323602
323601 323603
323601 323901
323601 323902
323601 323604
323602 323604
323603 323604
323601 323605
323602 323605
323603 323605
323604 323605
323701 323703
323702 323703
306101 322802
322103 322802
322601 322802
322801 322802
322802 323201
322802 323301
322802 324002
322802 324402
322802 326401
324401 324403
324402 324403
324401 324404
324402 324404
324403 324404
324401 324405
324402 324405
324403 324405
324404 324405
323901 325401
324401 325401
324402 325401
324401 325402
324402 325402
325401 325402
324402 325403
324904 325403
325401 325403
325402 325403
313301 313701
313301 325502
322001 322004
322001 322005
322001 322101
322001 322102
322001 322903
322001 322002
322002 322004
322002 322005
322001 322003
322002 322003
322003 322004
322003 322005
322001 322006
322002 322006
322003 322006
322004 322006
322005 322006
303103 303111
303103 306502
303103 327601
302401 304304
303802 304304
304303 304304
304304 327601
303309 305703
303401 305703
305701 305703
305703 305704
305703 307201
305703 307205
305703 325504
305703 326803
305703 327601
309702 327601
314302 314402
314302 320801
314302 327501
314302 327601
316602 327601
327601 327603
327602 327603
327601 327604
327602 327604
327603 327604
327601 327605
327602 327605
327603 327605
327604 327605
327601 327606
327602 327606
327603 327606
327604 327606
327605 327606
303401 303701
303601 303701
303701 303702
303701 319501
303401 303801
303601 303801
303701 303801
303801 303802
303801 303803
303801 303804
302701 303901
303401 303901
303801 303901
303803 303901
303901 306502
303901 320801
303401 305702
305701 305702
305702 305703
305702 305704
305702 307201
305702 313805
303401 306102
306101 306102
306102 306104
306102 306301
306102 307203
306102 308701
306102 313701
306102 313805
306102 323201
303401 319101
319101 319102
303401 319601
305301 319601
319301 319601
319601 319602
319601 319604
319601 327501
303401 320601
320601 327501
300501 301001
300501 301101
300501 313802
300701 301101
300501 301102
301101 301102
301102 301302
301101 301103
301102 301103
301101 301104
301102 301104
301103 301104
301001 301105
301101 301105
301102 301105
301103 301105
301104 301105
301105 305501
301105 324901
301105 324903
301001 301106
301101 301106
301102 301106
301103 301106
301104 301106
301105 301106
301106 304901
300501 304301
300601 304301
301001 304301
301101 304301
302401 304301
304301 304303
304301 304304
304301 317701
301105 302601
302401 302601
302601 304801
302601 304901
302601 305401
302601 305501
302601 307001
302601 310801
302601 311201
302401 302602
302601 302602
302602 304801
302602 305501
302602 311202
302602 304802
304801 304802
304801 304803
304802 304803
304801 304804
304802 304804
304803 304804
304801 304805
304802 304805
304803 304805
304804 304805
304801 305101
304901 305101
305101 305301
305101 305401
305101 321101
305101 327501
310402 315001
310402 315201
310402 316302
305701 310704
310704 311001
310704 311002
310704 311003
310704 311004
310704 316302
315001 315202
315002 315202
315201 315202
315202 315204
315202 316302
316102 316201
316201 316202
316201 316301
316201 316302
316201 316303
303803 316304
316104 316304
316201 316304
316301 316304
316302 316304
316303 316304
316304 316305
316304 326904
316301 316402
316302 316402
316303 316402
316304 316402
316305 316402
316402 319602
316402 319604
322601 322602
322601 322603
322602 322603
322603 324903
323301 323303
323302 323303
323301 323304
323302 323304
323303 323304
303103 303107
303107 303111
303107 305901
303107 305903
303107 306502
303107 306802
303107 319501
303107 323401
304303 318401
318401 323401
303301 303307
303305 303307
303307 303309
303307 310801
303307 323403
303307 325001
301105 304502
301106 304502
304202 304502
304502 305101
304502 305503
304502 323403
315001 315003
315002 315003
315003 320302
315003 322002
315003 323304
315003 323403
315003 323702
323403 324502
324501 324502
324502 327002
302801 302901
302901 302902
302901 302904
302901 305903
302901 315204
302901 324401
302901 327501
303201 303206
303206 305901
303206 305903
303206 306502
303206 324401
324501 324503
324502 324503
324501 324504
324502 324504
324503 324504
324501 324505
324502 324505
324503 324505
324504 324505
303001 303002
303001 303003
303001 306502
303001 307201
303001 308003
303601 303604
303604 308003
304202 304203
304203 304204
304203 305001
304203 305301
304203 308003
301001 304402
302401 304402
304304 304402
304402 308003
305903 307803
307803 307902
307803 308003
307803 311003
307803 319304
307803 320601
303003 307804
307803 307804
307804 307902
307804 308003
307804 316201
306701 307901
307401 307901
307803 307901
307804 307901
307901 307902
307901 308003
307901 308502
307901 319301
302901 308001
302904 308001
303001 308001
304202 308001
307401 308001
307803 308001
307901 308001
307902 308001
308001 308003
303001 308002
304202 308002
304304 308002
307804 308002
307902 308002
308001 308002
308002 308003
308002 324904
304202 308004
307804 308004
307902 308004
308001 308004
308002 308004
308003 308004
308001 308005
308002 308005
308003 308005
308004 308005
308001 308006
308002 308006
308003 308006
308004 308006
308005 308006
308001 308007
308002 308007
308003 308007
308004 308007
308005 308007
308006 308007
308001 308008
308002 308008
308003 308008
308004 308008
308005 308008
308006 308008
308007 308008
313801 314102
313802 314102
313803 314102
314101 314102
314102 315002
313801 315004
313802 315004
314102 315004
315001 315004
315002 315004
315003 315004
315004 315201
315004 315503
310001 310101
310101 313802
310101 316201
312301 313802
304204 313601
313601 313602
313601 313802
313601 315004
302701 314401
313802 314401
314401 314402
314401 315001
314401 316201
314401 316202
314401 320801
307205 327901
307803 327901
307804 327901
313802 327901
327901 327902
302401 302502
302502 304805
302502 308502
302502 313803
300305 313805
302401 310401
310203 310401
310305 310401
310401 310402
310401 313301
310401 313805
310401 315001
310401 315201
313805 314202
314202 314402
314202 315002
314202 320302
304202 314502
305301 314502
313805 314502
314502 314702
314502 316002
305401 307801
306701 307801
306801 307801
307801 307803
307801 307804
307801 307901
307801 307902
307801 315001
307801 320601
307801 320801
305301 314501
314501 314502
314501 314601
314501 315001
314501 316001
314501 327501
315001 315005
315002 315005
315003 315005
315004 315005
315001 315006
315002 315006
315003 315006
315004 315006
315005 315006
314702 315007
315001 315007
315002 315007
315003 315007
315004 315007
315005 315007
315006 315007
315007 315201
315007 315202
315007 316001
315007 316002
315007 316104
315001 315008
315002 315008
315003 315008
315004 315008
315005 315008
315006 315008
315007 315008
315001 315009
315002 315009
315003 315009
315004 315009
315005 315009
315006 315009
315007 315009
315008 315009
315001 315205
315002 315205
315003 315205
315004 315205
315007 315205
315201 315205
315202 315205
315204 315205
315205 315701
315205 315703
310401 315901
310402 315901
315001 315901
315201 315901
315901 315902
315901 315907
315901 316201
315901 316301
315901 320001
314201 314202
314201 314402
314201 315002
314201 315503
314201 315501
314202 315501
315002 315501
315501 315502
315501 315503
315002 320804
320801 320804
314201 315504
315501 315504
315502 315504
315503 315504
315501 315505
315502 315505
315503 315505
315504 315505
315501 315506
315502 315506
315503 315506
315504 315506
315505 315506
315501 315507
315502 315507
315503 315507
315504 315507
315505 315507
315506 315507
315501 315508
315502 315508
315503 315508
315504 315508
315505 315508
315506 315508
315507 315508
317401 317402
314401 318301
317201 318301
317202 318301
317401 318301
317402 318301
318202 318301
318301 327501
307504 308601
308601 308603
308601 310001
308601 310101
308601 310203
308903 310001
308603 310002
309702 310002
310001 310002
310002 310004
310002 310101
310002 326904
310002 327602
310001 310003
310002 310003
310003 310004
304301 313501
310001 313501
313501 320301
310001 314505
314501 314505
314502 314505
317201 317203
317202 317203
317201 317204
317202 317204
317203 317204
317201 317205
317202 317205
317203 317205
317204 317205
306701 318201
318201 318202
318201 320902
320901 320902
320901 322301
320901 322302
310902 321101
310902 321102
314402 317502
317502 319202
317502 321101
321101 321103
321102 321103
321101 321104
321102 321104
321103 321104
321101 321401
321401 321402
302502 313202
302902 313202
313202 321102
319501 320705
320302 320705
320601 320705
320705 321102
320705 321201
320705 321202
321102 321204
321201 321204
321202 321204
322301 322303
322302 322303
322301 322304
322302 322304
322303 322304
322301 322305
322302 322305
322303 322305
322304 322305
319701 319703
319702 319703
319701 319704
319702 319704
319703 319704
303002 308301
303107 308301
305901 308301
305903 308301
306301 308301
306901 308301
305901 320702
309301 320702
316001 320702
320702 320705
302401 321301
304303 321301
305701 321301
305901 321301
321301 321302
321301 321501
321301 321902
321301 325001
321301 325701
300601 300901
300901 307803
300901 310402
300901 312301
300901 313601
300901 313701
300901 314401
300901 314402
300901 320001
300901 323801
300901 323802
300901 323901
300901 323902
323801 323803
323802 323803
323801 323804
323802 323804
323803 323804
323801 323805
323802 323805
323803 323805
323804 323805
304303 307503
305903 307503
307202 307503
307501 307503
307503 307504
307503 314201
307503 321202
307503 323901
324601 324603
324602 324603
324603 324903
321501 324604
324601 324604
324602 324604
324603 324604
324604 324903
300601 300602
300602 304002
304002 304102
304101 304102
304102 304202
304102 304204
301102 304902
301106 304902
302602 304902
304002 304902
304202 304902
304203 304902
304901 304902
304002 305302
304902 305302
305301 305302
305302 305503
305302 314502
303804 305304
304002 305304
304902 305304
305301 305304
305302 305304
305304 305402
305304 314401
302602 305502
303601 305502
304002 305502
305402 305502
305501 305502
305502 305503
301302 302908
302801 302908
302901 302908
302902 302908
302904 302908
302908 307602
302908 318201
302602 306004
305904 306004
306004 306102
306004 307602
306004 308502
302901 306201
302902 306201
306201 307601
306201 307602
306201 318201
302901 306202
302908 306202
306004 306202
306201 306202
306202 307602
302502 307402
307401 307402
307402 307602
307402 308001
302904 307603
307601 307603
307602 307603
307601 307604
307602 307604
307603 307604
307401 307702
307402 307702
307601 307702
307602 307702
307602 328002
307803 328002
307804 328002
314802 328002
306102 306302
306104 306302
306301 306302
306302 324904
305201 326401
314401 314405
314402 314405
314405 326401
326401 326402
326401 326403
326402 326403
326401 326404
326402 326404
326403 326404
303601 303602
303602 303604
303602 303702
303602 303801
303602 303802
303602 303803
303602 303804
303602 304102
303602 305502
303601 303603
303602 303603
303603 303604
303603 303702
303603 303802
303603 304101
303603 304102
303603 317602
303601 303605
303602 303605
303603 303605
303604 303605
303605 303702
303601 303606
303602 303606
303603 303606
303604 303606
303605 303606
303601 305303
305301 305303
305302 305303
305303 305304
301001 318102
303601 318102
303602 318102
304902 318102
305301 318102
318102 320301
303002 308302
303107 308302
303403 308302
306901 308302
308301 308302
308302 308502
307504 308604
308502 308604
308601 308604
308603 308604
308604 309702
308604 310203
308502 309802
308604 309802
309802 310305
309802 319102
309802 327701
300601 301002
300602 301002
301001 301002
301002 301106
301002 305502
301002 308603
301002 312301
302902 307802
305502 307802
306104 307802
307801 307802
307802 307803
307802 307804
307802 307902
307802 308002
307802 308603
307802 320601
302902 308203
302908 308203
308202 308203
308203 308601
308203 308603
308203 308604
308601 308602
308602 308603
308602 308604
308602 309301
308602 314502
308601 308605
308602 308605
308603 308605
308604 308605
308601 308606
308602 308606
308603 308606
308604 308606
308605 308606
308601 308607
308602 308607
308603 308607
308604 308607
308605 308607
308606 308607
324001 324002
324001 324003
324001 324004
324001 324005
324002 324005
324003 324005
324004 324005
300602 304302
301002 304302
301102 304302
302401 304302
302502 304302
304301 304302
304302 304303
304302 304304
304302 304402
304301 304305
304302 304305
304303 304305
304304 304305
304301 304306
304302 304306
304303 304306
304304 304306
304305 304306
304301 304307
304302 304307
304303 304307
304304 304307
304305 304307
304306 304307
304307 310801
304301 304308
304302 304308
304303 304308
304304 304308
304305 304308
304306 304308
304307 304308
304308 326904
304301 304309
304302 304309
304303 304309
304304 304309
304305 304309
304306 304309
304307 304309
304308 304309
304301 304310
304302 304310
304303 304310
304304 304310
304305 304310
304306 304310
304307 304310
304308 304310
304309 304310
304301 304311
304302 304311
304303 304311
304304 304311
304305 304311
304306 304311
304307 304311
304308 304311
304309 304311
304310 304311
304311 309201
304301 304312
304302 304312
304303 304312
304304 304312
304305 304312
304306 304312
304307 304312
304308 304312
304309 304312
304310 304312
304311 304312
302601 304401
303801 304401
304301 304401
304302 304401
304303 304401
304304 304401
304401 304402
301501 314802
301501 315201
315201 315203
315202 315203
315203 315204
315203 315205
315201 315206
315202 315206
315203 315206
315204 315206
315205 315206
315201 315207
315202 315207
315203 315207
315204 315207
315205 315207
315206 315207
315201 315801
315202 315801
315204 315801
315205 315801
315801 316201
315801 319601
315201 315802
315202 315802
315205 315802
315702 315802
315801 315802
302601 310802
302602 310802
303301 310802
303307 310802
304307 310802
310801 310802
310802 310902
310802 311001
310802 311201
310802 321601
317701 320201
320201 320302
320201 320705
320201 321601
308202 308205
308203 308205
308205 322901
308205 322903
308201 308202
308201 308203
308201 308205
308201 322903
303901 311601
311601 311801
311801 311802
311801 311803
311802 311803
311801 311804
311802 311804
311803 311804
311801 311805
311802 311805
311803 311805
311804 311805
311801 311806
311802 311806
311803 311806
311804 311806
311805 311806
311801 311807
311802 311807
311803 311807
311804 311807
311805 311807
311806 311807
311601 312002
311801 312002
317202 318302
317402 318302
318202 318302
318301 318302
317202 318306
317402 318306
317502 318306
318301 318306
318302 318306
316102 318802
317202 318802
308004 308901
308901 308903
308901 322703
302701 302702
302701 302703
302702 302703
302703 312902
302701 302704
302702 302704
302703 302704
302701 302705
302702 302705
302703 302705
302704 302705
302705 305703
302705 316005
302901 302903
302902 302903
302903 302904
302903 302908
302502 302905
302804 302905
302901 302905
302902 302905
302903 302905
302904 302905
302905 302908
302905 306202
302905 307203
302905 327203
302901 302906
302902 302906
302903 302906
302904 302906
302905 302906
302906 302908
302901 302907
302902 302907
302903 302907
302904 302907
302905 302907
302906 302907
302907 302908
302901 302909
302902 302909
302903 302909
302904 302909
302905 302909
302906 302909
302907 302909
302908 302909
302909 305101
302901 302910
302902 302910
302903 302910
302904 302910
302905 302910
302906 302910
302907 302910
302908 302910
302909 302910
302901 302911
302902 302911
302903 302911
302904 302911
302905 302911
302906 302911
302907 302911
302908 302911
302909 302911
302910 302911
302904 318901
303301 303302
303302 303305
303302 303307
303302 303309
303302 303602
303302 307804
303301 303303
303302 303303
303303 303305
303303 303307
303303 303309
303301 303304
303302 303304
303303 303304
303304 303305
303304 303307
303304 303309
303301 303306
303302 303306
303303 303306
303304 303306
303305 303306
303306 303307
303306 303309
303301 303308
303302 303308
303303 303308
303304 303308
303305 303308
303306 303308
303307 303308
303308 303309
303301 306401
306301 306401
303301 308401
302806 314301
314301 314302
314301 314401
314301 314402
314301 315701
314301 320801
318202 320802
320801 320802
320802 320804
320801 320803
320802 320803
320803 320804
300101 304205
304102 304205
304202 304205
304203 304205
304204 304205
304205 304902
304205 305301
304205 326302
325001 326303
326301 326303
326302 326303
301901 303403
303403 305708
305701 305708
305702 305708
305703 305708
305704 305708
305708 305904
303403 306902
306802 306902
306901 306902
306902 308302
303403 309102
306701 306703
306703 306704
306703 307001
307001 309001
307001 327903
307202 327903
307601 327903
327901 327903
327902 327903
314701 314702
314701 315007
314701 316006
314701 317902
317701 317702
317702 317902
314501 317901
314701 317901
317901 317902
317901 318002
317901 317903
317902 317903
317901 317904
317902 317904
317903 317904
320401 320402
320401 320403
320402 320403
320403 320705
305903 320404
320401 320404
320402 320404
320403 320404
322801 323501
323501 323502
323501 323504
303801 303805
303802 303805
303803 303805
303804 303805
303804 311204
311201 311204
311202 311204
303804 312102
305301 312102
305302 312102
305401 312102
311806 312102
312102 327801
303804 314604
314601 314604
314604 314701
314604 314702
314604 315007
303804 314902
314902 315007
314902 316102
315901 315903
315902 315903
315903 315907
315901 315904
315902 315904
315903 315904
315904 315907
315901 315905
315902 315905
315903 315905
315904 315905
315905 315907
315901 315906
315902 315906
315903 315906
315904 315906
315905 315906
315906 315907
315906 316006
327201 327204
327202 327204
327203 327204
327201 327205
327202 327205
327203 327205
327204 327205
327201 327206
327202 327206
327203 327206
327204 327206
327205 327206
300901 301601
301302 301601
301601 301602
301601 314801
301601 320301
305701 305705
305702 305705
305703 305705
305704 305705
305705 305708
304204 305706
305701 305706
305702 305706
305703 305706
305704 305706
305705 305706
305706 305708
305701 305707
305702 305707
305703 305707
305704 305707
305705 305707
305706 305707
305707 305708
305707 305904
305707 306401
305701 305709
305702 305709
305703 305709
305704 305709
305705 305709
305706 305709
305707 305709
305708 305709
305701 305710
305702 305710
305703 305710
305704 305710
305705 305710
305706 305710
305707 305710
305708 305710
305709 305710
305701 305711
305702 305711
305703 305711
305704 305711
305705 305711
305706 305711
305707 305711
305708 305711
305709 305711
305710 305711
305701 305801
305702 305801
303103 303106
303106 303107
303106 303111
303106 306802
303103 303110
303106 303110
303107 303110
303110 303111
303110 306802
303110 321202
303111 306803
303302 306803
306102 306803
306701 306803
306801 306803
306802 306803
306803 306902
306801 306804
306802 306804
306803 306804
306801 306805
306802 306805
306803 306805
306804 306805
306801 306806
306802 306806
306803 306806
306804 306806
306805 306806
306802 310205
310203 310205
306802 317001
300101 300102
300102 302902
300102 304203
300101 300103
300102 300103
300101 300104
300102 300104
300103 300104
300101 300105
300102 300105
300103 300105
300104 300105
300101 304201
301702 304201
304102 304201
304201 304202
304201 304203
304201 304204
304201 304205
304201 304402
304201 304901
304201 305301
304201 305706
300101 313702
300901 313702
312902 313702
313701 313702
302401 302402
302402 304301
302402 304311
302402 304401
302402 305101
302402 313701
302401 302403
302402 302403
302403 302502
302403 302601
302403 303603
302403 304401
302401 302404
302402 302404
302403 302404
302401 302405
302402 302405
302403 302405
302404 302405
301601 302501
302401 302501
302501 302502
302501 302601
302501 302905
302501 307401
302501 307901
302501 316005
302501 316006
302501 318601
302501 322301
302501 325503
302401 304403
304401 304403
304402 304403
302401 304701
302601 304701
302401 305202
305201 305202
302401 313502
304302 313502
313501 313502
302803 303703
303701 303703
303702 303703
302803 304506
304202 304506
304204 304506
304502 304506
304506 305101
302902 307302
302902 307701
307601 307701
307701 307702
302902 318404
318401 318404
307901 307903
307902 307903
307901 307904
307902 307904
307903 307904
307901 307905
307902 307905
307903 307905
307904 307905
307804 308101
307901 308101
307902 308101
308001 308101
308002 308101
308004 308101
314101 314103
314102 314103
314101 314104
314102 314104
314103 314104
300602 300902
300901 300902
300902 301602
300902 313601
300902 315003
300902 318202
300902 320301
300902 320302
304701 310304
309802 310304
310304 310305
310304 310401
310304 318202
318201 318203
318202 318203
318201 318204
318202 318204
318203 318204
318201 318205
318202 318205
318203 318205
318204 318205
314402 319002
318202 319002
319002 319202
318202 322204
319102 322204
319602 322204
319604 322204
300601 300603
300602 300603
300601 300904
300901 300904
300902 300904
300904 312301
300904 313601
300601 310301
300904 310301
304701 310301
309802 310301
310203 310301
310301 310304
310301 310305
310301 310401
300601 310302
304701 310302
309802 310302
310301 310302
310302 310304
310302 310305
310302 310401
303201 303202
303202 303206
303202 305904
303202 306102
303201 303203
303202 303203
303203 303206
303203 319102
303201 303204
303202 303204
303203 303204
303204 303206
303204 305904
303201 303205
303202 303205
303203 303205
303204 303205
303205 303206
303201 303207
303202 303207
303203 303207
303204 303207
303205 303207
303206 303207
303207 305702
303207 306102
303201 303208
303202 303208
303203 303208
303204 303208
303205 303208
303206 303208
303207 303208
304101 304103
304102 304103
304101 304104
304102 304104
304103 304104
302601 318801
304101 318801
304205 318801
304701 318801
316001 318801
318401 318801
318601 318801
318801 318802
318801 319102
304201 304206
304202 304206
304203 304206
304204 304206
304205 304206
304201 304207
304202 304207
304203 304207
304204 304207
304205 304207
304206 304207
304201 304208
304202 304208
304203 304208
304204 304208
304205 304208
304206 304208
304207 304208
301102 304501
301106 304501
302403 304501
304201 304501
304202 304501
304203 304501
304204 304501
304205 304501
304302 304501
304304 304501
304501 304502
304501 304506
304501 304805
304501 326904
304202 309801
308601 309801
309801 309802
309801 310203
309801 310302
309801 310305
309801 315703
309801 319101
304901 304903
304902 304903
304901 304904
304902 304904
304903 304904
304304 305102
304501 305102
304901 305102
305101 305102
305102 305401
305102 316602
304901 315301
304901 316601
305102 316601
316305 316601
316601 316602
305301 305305
305302 305305
305303 305305
305304 305305
305301 305306
305302 305306
305303 305306
305304 305306
305305 305306
305301 305307
305302 305307
305303 305307
305304 305307
305305 305307
305306 305307
305307 315202
305307 320302
305301 305308
305302 305308
305303 305308
305304 305308
305305 305308
305306 305308
305307 305308
305301 314503
314301 314503
314302 314503
314501 314503
314502 314503
314503 314505
314503 314604
314503 314801
314503 316001
314503 318102
314503 320201
305301 314504
305302 314504
313501 314504
314302 314504
314501 314504
314502 314504
314503 314504
314504 314505
314504 314701
314504 314702
314504 320302
305301 314506
314501 314506
314502 314506
314503 314506
314504 314506
314505 314506
314506 314701
314506 314702
314506 314902
314506 315007
314506 316104
305001 305002
305002 305401
305002 305402
305401 305403
305402 305403
305401 305404
305402 305404
305403 305404
305401 312101
312101 312102
305401 312501
305501 305504
305502 305504
305503 305504
305504 321501
305501 308803
308803 314502
309101 309102
309101 309201
309101 309401
308602 309202
309102 309202
309201 309202
309202 313003
309202 314202
309201 309203
309202 309203
309203 321501
309201 309204
309202 309204
309203 309204
309201 309205
309202 309205
309203 309205
309204 309205
309205 318201
309201 318403
318401 318403
318403 318404
314501 314602
314601 314602
314602 314604
314602 316002
314504 314603
314601 314603
314602 314603
314603 314604
314603 314701
314603 315203
314603 315205
314603 316003
314603 318001
314603 318901
327501 327502
303107 306501
303110 306501
306501 306502
306501 306701
306501 306703
306501 306704
306501 306803
306501 320601
306502 306702
306701 306702
306702 306703
306702 306704
306701 306705
306702 306705
306703 306705
306704 306705
306701 306706
306702 306706
306703 306706
306704 306706
306705 306706
306701 306707
306702 306707
306703 306707
306704 306707
306705 306707
306706 306707
306701 306708
306702 306708
306703 306708
306704 306708
306705 306708
306706 306708
306707 306708
306701 309302
309102 309302
309202 309302
309301 309302
303001 320603
306501 320603
306704 320603
320601 320603
320603 320705
320603 321301
320603 321302
306901 306903
306902 306903
306901 306904
306902 306904
306903 306904
306801 309402
309102 309402
309301 309402
309302 309402
309401 309402
309402 319502
309401 309403
309402 309403
309403 320705
309401 309404
309402 309404
309403 309404
309401 316401
309402 316401
315801 316401
315802 316401
316303 316401
316304 316401
316305 316401
316401 316402
316401 318801
307201 327904
307804 327904
327901 327904
327902 327904
327903 327904
327901 327905
327902 327905
327903 327905
327904 327905
327901 327906
327902 327906
327903 327906
327904 327906
327905 327906
304701 304703
304703 305903
305903 307104
307101 307104
303603 305602
303802 305602
305602 306104
306101 306103
306102 306103
306103 306104
306101 306105
306102 306105
306103 306105
306104 306105
306101 306106
306102 306106
306103 306106
306104 306106
306105 306106
306101 306107
306102 306107
306103 306107
306104 306107
306105 306107
306106 306107
300102 306402
303202 306402
303204 306402
303302 306402
306104 306402
306302 306402
306401 306402
306402 307203
304304 318402
306104 318402
318401 318402
318402 318403
318402 318404
318402 318801
303901 303902
303902 306502
303902 320601
307202 308102
307401 308102
308101 308102
307203 307502
307501 307502
307502 307503
307502 307504
307501 307505
307502 307505
307503 307505
307504 307505
307501 307506
307502 307506
307503 307506
307504 307506
307505 307506
307501 317801
309202 317801
309301 317801
309302 317801
309402 317801
316101 317801
316102 317801
305307 308702
308604 308702
308701 308702
308702 309702
308702 310002
308702 310203
308702 319501
308702 319502
308702 327602
308701 308703
308702 308703
308701 308704
308702 308704
308703 308704
308701 308705
308702 308705
308703 308705
308704 308705
308705 319502
303307 310803
310305 310803
310801 310803
310802 310803
310803 310902
310803 311001
310803 311003
310803 311004
310803 311201
311201 311203
311202 311203
311203 311204
313003 327802
316303 327802
327801 327802
313101 313103
313102 313103
313101 313104
313102 313104
313103 313104
312102 312401
312401 327801
327801 327803
327802 327803
309701 309702
309701 315204
315003 315803
315204 315803
315801 315803
315802 315803
315803 316401
315004 315804
315204 315804
315801 315804
315802 315804
315803 315804
315804 316401
315804 317402
314501 315101
314502 315101
314503 315101
314506 315101
314801 315101
314802 315101
315101 315205
315101 315702
315101 316001
315101 316002
315101 316003
315101 316005
315101 316006
315101 316305
310305 315304
315301 315304
315304 315702
311502 315703
315801 319801
315803 319801
315804 319801
316201 319801
316303 319801
319601 319801
319801 320705
300701 300702
300702 300902
300702 301001
300702 301002
301001 301003
301002 301003
301001 301004
301002 301004
301003 301004
301001 301005
301002 301005
301003 301005
301004 301005
301001 301006
301002 301006
301003 301006
301004 301006
301005 301006
301001 310303
304701 310303
309802 310303
310301 310303
310302 310303
310303 310304
310303 310305
300902 312302
301001 312302
312301 312302
301001 318101
308002 318101
318101 318102
301001 318103
317602 318103
318002 318103
318101 318103
318102 318103
301001 318106
318101 318106
318102 318106
318103 318106
318106 320601
318106 321301
303001 303004
303002 303004
303003 303004
303001 303005
303002 303005
303003 303005
303004 303005
302501 320501
302502 320501
303001 320501
303002 320501
307401 320501
307601 320501
320501 320601
320501 320603
320501 320702
314801 314901
314901 314902
314901 315205
314901 316102
319101 319103
319102 319103
319101 319104
319102 319104
319103 319104
319101 319105
319102 319105
319103 319105
319104 319105
310803 310901
310901 310902
310901 311001
310901 311002
310901 311003
310901 311004
310901 321501
317301 317303
317301 321501
306301 306303
306302 306303
306301 306304
306302 306304
306303 306304
306301 306305
306302 306305
306303 306305
306304 306305
300902 310501
310305 310501
310401 310501
310501 315501
310501 320001
310501 322701
310501 326904
323501 323503
323502 323503
323503 323504
323501 323505
323502 323505
323503 323505
323504 323505
323501 323506
323502 323506
323503 323506
323504 323506
323505 323506
323501 323507
323502 323507
323503 323507
323504 323507
323505 323507
323506 323507
300902 315401
304701 315401
315401 316703
315401 316701
316701 316703
315401 316702
316701 316702
316702 316703
316701 316704
316702 316704
316703 316704
316701 316705
316702 316705
316703 316705
316704 316705
310101 310104
310104 325002
325001 325003
325002 325003
325001 325004
325002 325004
325003 325004
309301 309303
309302 309303
309303 317801
309301 309304
309302 309304
309303 309304
309304 309402
309304 316006
309304 317801
309301 309305
309302 309305
309303 309305
309304 309305
309301 310201
309801 310201
310201 310203
310201 310205
310201 310301
310201 310305
310201 310401
310201 327701
309301 313201
313201 313202
312401 315806
315801 315806
315802 315806
315803 315806
315804 315806
315806 319301
319301 319802
319801 319802
319802 320702
321201 321203
321202 321203
321203 321204
318306 321205
321201 321205
321202 321205
321203 321205
321204 321205
321401 321403
321402 321403
321401 321404
321402 321404
321403 321404
308001 324201
324201 325001
315301 315302
315302 315304
315302 320302
300902 320002
310501 320002
314504 320002
320001 320002
320002 320302
314202 320102
320002 320102
320102 320302
300902 320202
320002 320202
320102 320202
320201 320202
320202 320302
320202 320402
320301 320303
320302 320303
320301 320304
320302 320304
320303 320304
314401 314403
314402 314403
314403 314405
314401 314404
314402 314404
314403 314404
314404 314405
314401 317501
314402 317501
317501 317502
310303 319201
313201 319201
317502 319201
317701 319201
319201 319202
319201 319203
319202 319203
319201 319204
319202 319204
319203 319204
319201 319205
319202 319205
319203 319205
319204 319205
321301 321303
321302 321303
301501 301505
301505 304204
305402 328401
311601 328401
312002 328401
311001 311005
311002 311005
311003 311005
311004 311005
311001 311006
311002 311006
311003 311006
311004 311006
311005 311006
301701 301702
317301 317302
317302 317303
317301 317304
317302 317304
317303 317304
318001 318003
318002 318003
318001 318004
318002 318004
318003 318004
318001 318005
318002 318005
318003 318005
318004 318005
319501 319503
319502 319503
307101 307102
307102 307104
307101 307103
307102 307103
307103 307104
307101 307105
307102 307105
307103 307105
307104 307105
307101 307106
307102 307106
307103 307106
307104 307106
307105 307106
313601 313603
313602 313603
313603 313701
313601 313604
313602 313604
313603 313604
313604 313701
315601 315602
315601 315603
315602 315603
315601 315604
315602 315604
315603 315604
308201 308204
308202 308204
308203 308204
308204 308205
313401 313402
313401 313403
313402 313403
313401 313404
313402 313404
313403 313404
314801 314803
314802 314803
306201 317101
314801 317101
316001 317101
316002 317101
316003 317101
316005 317101
316006 317101
316202 317101
317101 317901
317101 318801
316201 316203
316202 316203
316201 316204
316202 316204
316203 316204
307401 307403
307402 307403
307401 307404
307402 307404
307403 307404
317601 317602
317601 319601
317601 319602
317601 319604
314301 319603
319601 319603
319602 319603
319603 319604
319601 319605
319602 319605
319603 319605
319604 319605
319601 319606
319602 319606
319603 319606
319604 319606
319605 319606
308301 308303
308302 308303
308303 319604
316502 319604
303101 303103
303101 303106
303101 303107
303101 303110
303101 303111
303101 306803
303101 303102
303102 303103
303102 303106
303102 303107
303102 303110
303102 303111
303102 307801
303101 303104
303102 303104
303103 303104
303104 303106
303104 303107
303104 303110
303104 303111
303101 303105
303102 303105
303103 303105
303104 303105
303105 303106
303105 303107
303105 303110
303105 303111
303101 303108
303102 303108
303103 303108
303104 303108
303105 303108
303106 303108
303107 303108
303108 303110
303108 303111
302402 303109
303101 303109
303102 303109
303103 303109
303104 303109
303105 303109
303106 303109
303107 303109
303108 303109
303109 303110
303109 303111
303101 303112
303102 303112
303103 303112
303104 303112
303105 303112
303106 303112
303107 303112
303108 303112
303109 303112
303110 303112
303111 303112
301102 304503
301106 304503
304205 304503
304402 304503
304501 304503
304502 304503
304503 304506
304503 305102
304503 305503
304503 312501
313301 313302
313302 313701
313302 313702
313701 313703
313702 313703
313701 313704
313702 313704
313703 313704
313701 313705
313702 313705
313703 313705
313704 313705
317601 317603
317602 317603
317601 317604
317602 317604
317603 317604
317601 317605
317602 317605
317603 317605
317604 317605
317601 317606
317602 317606
317603 317606
317604 317606
317605 317606
317601 317607
317602 317607
317603 317607
317604 317607
317605 317607
317606 317607
329101 329102
329101 329103
329102 329103
329101 329104
329102 329104
329103 329104
329101 329105
329102 329105
329103 329105
329104 329105
329101 329106
329102 329106
329103 329106
329104 329106
329105 329106
314701 314703
314702 314703
314701 314704
314702 314704
314703 314704
314802 328202
315101 315105
315105 316002
315105 316006
301601 314304
314301 314304
314302 314304
314304 316003
315101 315102
315102 315105
315102 316003
301601 315103
315101 315103
315102 315103
315103 315105
315103 315205
315103 316003
303901 312001
311006 312001
311601 312001
312001 312002
312001 317901
312001 324603
312001 326203
319802 320703
320603 320703
320702 320703
320703 320705
320703 320803
320703 326804
303501 303502
303501 303503
303502 303503
303503 310002
303501 303504
303502 303504
303503 303504
303501 303505
303502 303505
303503 303505
303504 303505
303501 303506
303502 303506
303503 303506
303504 303506
303505 303506
302905 309002
309001 309002
309002 310305
302602 311602
310305 311602
311601 311602
311602 312001
311602 328401
317701 317703
317702 317703
317701 317704
317702 317704
317703 317704
317701 317705
317702 317705
317703 317705
317704 317705
301601 301603
301602 301603
301601 301604
301602 301604
301603 301604
326701 326702
321301 326703
326701 326703
326702 326703
326701 326704
326702 326704
326703 326704
326701 326705
326702 326705
326703 326705
326704 326705
309801 310202
310201 310202
310202 310203
310202 310205
310202 310301
310202 310302
310202 310401
310202 327701
309801 310204
310201 310204
310202 310204
310203 310204
310204 310205
310204 310301
310204 310401
310204 327701
301102 311102
311101 311102
311101 311103
311102 311103
311101 311104
311102 311104
311103 311104
309902 310501
309902 314603
309902 320001
309902 320002
320001 320003
320002 320003
320001 320004
320002 320004
320003 320004
306401 320101
320001 320101
320101 320102
327701 327702
309801 327703
309802 327703
327701 327703
327702 327703
327701 327704
327702 327704
327703 327704
310303 327705
327701 327705
327702 327705
327703 327705
327704 327705
305001 305003
305002 305003
307802 328901
311003 328901
308004 318602
318601 318602
308004 318603
318601 318603
318602 318603
318601 318604
318602 318604
318603 318604
325701 325702
325701 325703
325702 325703
313301 313303
313302 313303
313301 313304
313302 313304
313303 313304
313301 313305
313302 313305
313303 313305
313304 313305
309701 309703
309702 309703
309701 309704
309702 309704
309703 309704
309701 309705
309702 309705
309703 309705
309704 309705
314301 314303
314302 314303
314303 314304
316601 316603
316602 316603
316601 316604
316602 316604
316603 316604
316601 316605
316602 316605
316603 316605
316604 316605
303604 305601
303801 305601
305101 305601
305601 305602
303901 303903
303902 303903
306002 306004
306002 306102
314401 319001
318301 319001
318302 319001
318306 319001
319001 319002
319001 319101
303902 320602
307801 320602
318101 320602
320601 320602
320602 320603
320602 320702
320601 320604
320602 320604
320603 320604
300501 300502
300502 301102
300502 302602
300502 304501
300502 304502
300502 304503
300501 300503
300502 300503
300501 300504
300502 300504
300503 300504
300501 300505
300502 300505
300503 300505
300504 300505
300701 300703
300702 300703
300701 300704
300702 300704
300703 300704
301102 301204
301102 316404
316401 316404
316402 316404
302601 302603
302602 302603
302601 302604
302602 302604
302603 302604
302601 306003
306002 306003
306003 306004
306003 306201
302601 313503
313501 313503
313502 313503
305101 305103
305102 305103
305101 305104
305102 305104
305103 305104
305101 329001
308002 329001
308004 311401
310402 311401
311401 312002
310701 310704
310701 314201
310701 310702
310702 310704
310701 310703
310702 310703
310703 310704
310701 310705
310702 310705
310703 310705
310704 310705
310701 310706
310702 310706
310703 310706
310704 310706
310705 310706
304602 316304
316401 316403
316402 316403
316403 316404
318401 318405
318402 318405
318403 318405
318404 318405
318401 318406
318402 318406
318403 318406
318404 318406
318405 318406
318401 318407
318402 318407
318403 318407
318404 318407
318405 318407
318406 318407
318201 318408
318401 318408
318402 318408
318403 318408
318404 318408
318405 318408
318406 318408
318407 318408
304501 304504
304502 304504
304503 304504
304504 304506
304501 304505
304502 304505
304503 304505
304504 304505
304505 304506
304505 306201
304501 304507
304502 304507
304503 304507
304504 304507
304505 304507
304506 304507
302901 307301
303603 307301
307301 307302
307301 315003
304203 312202
312101 312202
312102 312202
312202 312401
304401 304404
304402 304404
304403 304404
304401 304405
304402 304405
304403 304405
304404 304405
307801 307805
307802 307805
307803 307805
307804 307805
307801 307806
307802 307806
307803 307806
307804 307806
307805 307806
307801 307807
307802 307807
307803 307807
307804 307807
307805 307807
307806 307807
307803 317102
314503 317102
317101 317102
317102 318801
307801 328001
307804 328001
308002 328001
328001 328002
300402 308001
300402 314401
305201 305206
305202 305206
305206 308001
308001 319902
308002 319003
319001 319003
319002 319003
319003 320602
310101 310102
310102 310104
310101 310103
310102 310103
310103 310104
310101 310105
310102 310105
310103 310105
310104 310105
300602 300905
300901 300905
300902 300905
300904 300905
300905 302702
300905 312301
300905 312302
300905 313601
312301 312303
312302 312303
312301 312304
312302 312304
312303 312304
312301 312305
312302 312305
312303 312305
312304 312305
312301 312306
312302 312306
312303 312306
312304 312306
312305 312306
312301 312307
312302 312307
312303 312307
312304 312307
312305 312307
312306 312307
305801 305802
305802 314401
300402 300403
300403 302502
302501 302503
302502 302503
300301 300305
300301 300302
300302 300305
300301 300303
300302 300303
300303 300305
300301 300304
300302 300304
300303 300304
300304 300305
300301 300306
300302 300306
300303 300306
300304 300306
300305 300306
303602 304702
304201 304702
304701 304702
304702 304703
304702 310401
304702 318306
314201 314203
314202 314203
308802 308803
308802 314502
314501 314507
314502 314507
314503 314507
314504 314507
314505 314507
314506 314507
318301 318303
318302 318303
318303 318306
312001 318304
318301 318304
318302 318304
318303 318304
318304 318306
318301 318305
318302 318305
318303 318305
318304 318305
318305 318306
308901 308902
308902 308903
308702 308904
308901 308904
308902 308904
308903 308904
308901 308905
308902 308905
308903 308905
308904 308905
308901 308906
308902 308906
308903 308906
308904 308906
308905 308906
309602 310002
309602 318302
309602 318306
309801 309804
309802 309804
309804 310002
313501 313504
313502 313504
313503 313504
313501 313505
313502 313505
313503 313505
313504 313505
313501 313506
313502 313506
313503 313506
313504 313506
313505 313506
302908 329201
306201 329201
306202 329201
318201 329201
306202 329202
318201 329202
329201 329202
310901 310903
310902 310903
310901 310904
310902 310904
310903 310904
317501 317503
317502 317503
317501 317504
317502 317504
317503 317504
313201 313203
313202 313203
311301 314603
311301 320705
311301 311302
311302 320705
320501 320502
320502 320602
320502 320603
320502 320705
319802 320701
320701 320702
320701 320703
320701 320705
320701 320704
320702 320704
320703 320704
320704 320705
320701 320706
320702 320706
320703 320706
320704 320706
320705 320706
308301 308304
308302 308304
308303 308304
300801 300901
300901 300903
300902 300903
300903 300904
300903 300905
300901 300906
300902 300906
300903 300906
300904 300906
300905 300906
300901 300907
300902 300907
300903 300907
300904 300907
300905 300907
300906 300907
306001 306002
306001 306003
306001 306004
306001 306005
306002 306005
306003 306005
306004 306005
306001 306006
306002 306006
306003 306006
306004 306006
306005 306006
328001 328003
328002 328003
328001 328004
328002 328004
328003 328004
328001 328005
328002 328005
328003 328005
328004 328005
305201 305203
305202 305203
305203 305206
305201 305204
305202 305204
305203 305204
305204 305206
305201 305205
305202 305205
305203 305205
305204 305205
305205 305206
318101 318104
318102 318104
318103 318104
318104 318106
318101 318105
318102 318105
318103 318105
318104 318105
318105 318106
318101 319901
318102 319901
318103 319901
318106 319901
319901 319902
308401 308404
308404 309802
309801 309803
309802 309803
309803 309804
309801 309805
309802 309805
309803 309805
309804 309805
309801 316501
309802 316501
316501 316502
316501 319201
301002 315808
315801 315808
315802 315808
315803 315808
315804 315808
315806 315808
301501 301502
301502 301505
301501 301503
301502 301503
301503 301505
301501 301504
301502 301504
301503 301504
301504 301505
301501 301506
301502 301506
301503 301506
301504 301506
301505 301506
315801 315805
315802 315805
315803 315805
315804 315805
315805 315806
315805 315808
315801 315807
315802 315807
315803 315807
315804 315807
315805 315807
315806 315807
315807 315808
320201 320203
320202 320203
320201 320204
320202 320204
320203 320204
311601 311603
311602 311603
311601 311604
311602 311604
311603 311604
311401 311701
311601 311701
311601 311702
311602 311702
311701 311702
311401 311402
311402 311701
311402 312001
311402 312002
312001 312003
312002 312003
312001 312004
312002 312004
312003 312004
312002 328701
318306 319402
318801 318803
318802 318803
318801 318804
318802 318804
318803 318804
318901 318902
318901 318903
318902 318903
318901 318904
318902 318904
318903 318904
318901 318905
318902 318905
318903 318905
318904 318905
318901 318906
318902 318906
318903 318906
318904 318906
318905 318906
318901 318907
318902 318907
318903 318907
318904 318907
318905 318907
318906 318907
306401 306403
306402 306403
306401 306404
306402 306404
306403 306404
308401 308402
308402 308404
308402 309302
308402 309304
308401 308403
308402 308403
308403 308404
308401 308405
308402 308405
308403 308405
308404 308405
308401 308406
308402 308406
308403 308406
308404 308406
308405 308406
301901 301902
301902 302403
309101 309103
309102 309103
309101 309104
309102 309104
309103 309104
302201 312102
302201 302202
302202 312102
312101 312103
312102 312103
311102 312402
312101 312402
312102 312402
312202 312402
312401 312402
312102 312403
312401 312403
312402 312403
314901 314903
314902 314903
301601 324202
324201 324202
317001 317002
317001 317003
317002 317003
317001 317004
317002 317004
317003 317004
317001 317005
317002 317005
317003 317005
317004 317005
310601 313702
301803 302403
302501 318701
318701 320701
304701 304704
304702 304704
304703 304704
304701 304705
304702 304705
304703 304705
304704 304705
304701 304706
304702 304706
304703 304706
304704 304706
304705 304706
304701 304707
304702 304707
304703 304707
304704 304707
304705 304707
304706 304707
304701 304708
304702 304708
304703 304708
304704 304708
304705 304708
304706 304708
304707 304708
304701 304709
304702 304709
304703 304709
304704 304709
304705 304709
304706 304709
304707 304709
304708 304709
307301 307303
307302 307303
307301 307304
307302 307304
307303 307304
308101 308103
308102 308103
308103 309304
300801 300802
300802 300902
319001 319004
319002 319004
319003 319004
309304 319005
319001 319005
319002 319005
319003 319005
319004 319005
319001 319006
319002 319006
319003 319006
319004 319006
319005 319006
319001 319007
319002 319007
319003 319007
319004 319007
319005 319007
319006 319007
319001 319008
319002 319008
319003 319008
319004 319008
319005 319008
319006 319008
319007 319008
319001 319009
319002 319009
319003 319009
319004 319009
319005 319009
319006 319009
319007 319009
319008 319009
319001 319010
319002 319010
319003 319010
319004 319010
319005 319010
319006 319010
319007 319010
319008 319010
319009 319010
322201 322204
322201 322202
322202 322204
322201 322203
322202 322203
322203 322204
312201 312202
312201 318801
315301 315303
315302 315303
315303 315304
312101 328801
312501 312502
312502 315804
312501 312503
312502 312503
308801 308802
308801 308803
308801 308804
308802 308804
308803 308804
308801 308805
308802 308805
308803 308805
308804 308805
306501 312702
305601 305603
305602 305603
305601 305604
305602 305604
305603 305604
315101 315104
315102 315104
315103 315104
315104 315105
315101 315106
315102 315106
315103 315106
315104 315106
315105 315106
315101 315107
315102 315107
315103 315107
315104 315107
315105 315107
315106 315107
311501 311502
311501 311503
311502 311503
319801 319803
319802 319803
319801 319804
319802 319804
319803 319804
319801 319805
319802 319805
319803 319805
319804 319805
320501 320503
320502 320503
310501 310502
310501 310503
310502 310503
310501 310602
310601 310602
315401 316902
324201 324203
324202 324203
320101 320103
320102 320103
320101 320104
320102 320104
320103 320104
311602 328402
328401 328402
328401 328403
328402 328403
328401 328404
328402 328404
328403 328404
317101 317103
317102 317103
316501 316503
316502 316503
316501 316504
316502 316504
316503 316504
328201 328202
311602 328501
309901 309902
328901 328902
301201 301204
301201 301202
301202 301204
301201 301203
301202 301203
301203 301204
301201 301205
301202 301205
301203 301205
301204 301205
301201 301206
301202 301206
301203 301206
301204 301206
301205 301206
329001 329002
329001 329003
329002 329003
311401 311403
311402 311403
311401 311404
311402 311404
311403 311404
304601 304602
312201 312203
312202 312203
312201 312204
312202 312204
312203 312204
300401 300402
300401 300403
309601 309602
309601 309603
309602 309603
309601 309604
309602 309604
309603 309604
309601 309605
309602 309605
309603 309605
309604 309605
309601 309606
309602 309606
309603 309606
309604 309606
309605 309606
329201 329203
329202 329203
329201 329204
329202 329204
329203 329204
329201 329205
329202 329205
329203 329205
329204 329205
329201 329206
329202 329206
329203 329206
329204 329206
329205 329206
311301 311303
311302 311303
300801 300803
300802 300803
300801 300804
300802 300804
300803 300804
311701 328601
328701 328702
328701 328703
328702 328703
328701 328704
328702 328704
328703 328704
319401 319402
319401 319403
319402 319403
319401 319404
319402 319404
319403 319404
319401 319405
319402 319405
319403 319405
319404 319405
302201 302203
302202 302203
302201 302204
302202 302204
302203 302204
310601 310603
310602 310603
310601 310604
310602 310604
310603 310604
301801 301803
301801 301802
301802 301803
301801 301804
301802 301804
301803 301804
301801 301805
301802 301805
301803 301805
301804 301805
318701 318702
318701 318703
318702 318703
328801 328802
328801 328803
328802 328803
328801 328804
328802 328804
328803 328804
328801 328805
328802 328805
328803 328805
328804 328805
328801 328806
328802 328806
328803 328806
328804 328806
328805 328806
328801 328807
328802 328807
328803 328807
328804 328807
328805 328807
328806 328807
328801 328808
328802 328808
328803 328808
328804 328808
328805 328808
328806 328808
328807 328808
328801 328809
328802 328809
328803 328809
328804 328809
328805 328809
328806 328809
328807 328809
328808 328809
328801 328810
328802 328810
328803 328810
328804 328810
328805 328810
328806 328810
328807 328810
328808 328810
328809 328810
312701 312702
312701 312703
312702 312703
312701 312704
312702 312704
312703 312704
316901 316902
316901 316903
316902 316903
316901 316904
316902 316904
316903 316904
328501 328502
328501 328503
328502 328503
328601 328602