422201 422301
422201 422302
422301 422302
422301 422303
422302 422303
422301 422304
422302 422304
422303 422304
403101 422201
403101 403102
403102 422201
421601 422201
422101 422201
422101 422102
422102 422201
422101 422202
422201 422202
422202 422302
422201 422203
422202 422203
422201 422204
422202 422204
422203 422204
422201 422205
422202 422205
422203 422205
422204 422205
409602 422302
403101 403103
403102 403103
403101 403104
403102 403104
403103 403104
403101 403201
403101 407401
403102 403202
403201 403202
403102 407106
401502 421601
410001 421601
416801 421601
417901 421601
421503 421601
401502 421602
421601 421602
421601 421603
421602 421603
421601 421604
421602 421604
421603 421604
421601 421605
421602 421605
421603 421605
421604 421605
421503 421701
421601 421701
421602 421701
421503 421702
421601 421702
421602 421702
421701 421702
421601 421901
407401 415901
415901 421503
415901 422101
422101 422103
422102 422103
422101 422104
422102 422104
422103 422104
422101 422105
422102 422105
422103 422105
422104 422105
422101 422106
422102 422106
422103 422106
422104 422106
422105 422106
417901 421902
421901 421902
421902 422202
422202 423402
409601 409602
409601 416801
409601 409603
409602 409603
409602 415101
409601 423602
409602 423602
403201 403203
403202 403203
403201 403204
403202 403204
403203 403204
403201 403205
403202 403205
403203 403205
403204 403205
403201 403301
403202 403301
403201 403302
403301 403302
403201 403901
403201 406802
403901 406802
403201 414903
414903 415101
401701 407401
404802 407401
404802 417901
403301 405001
403302 405001
405001 407401
406101 407401
406502 407401
407106 407201
407201 407401
406101 407402
407401 407402
406101 408301
407401 408301
407402 408301
408301 421901
401502 408302
407401 408302
408301 408302
407401 412901
407401 413801
413801 421503
407401 421301
407402 421301
408301 421301
408302 421301
421301 421503
403202 403303
403301 403303
403302 403303
403303 405001
401701 401705
401705 407106
403002 407106
403002 421901
403002 403003
403003 407106
406802 407001
407001 407106
407001 409601
407001 407005
407005 407106
403002 407101
407101 407106
403002 407102
403003 407102
406802 407102
407101 407102
407102 407106
407101 407103
407102 407103
407103 407106
407101 407104
407102 407104
407103 407104
407104 407106
403002 407105
403003 407105
407101 407105
407102 407105
407103 407105
407104 407105
407105 407106
407105 407201
401501 401502
401501 401503
401502 401503
401501 401504
401502 401504
401503 401504
401502 402802
402802 407102
401502 418702
403303 418702
403901 418702
406101 418702
401502 420201
409601 420201
401502 420302
420302 421902
403203 409401
409401 410001
409401 412901
403203 409801
409601 409801
409801 410001
406101 409802
409801 409802
409802 410001
409802 412901
410001 410002
410001 410003
410002 410003
409601 410101
410001 410101
410101 412901
410101 421503
405901 409401
405901 415901
405901 416801
405901 405902
405902 415901
405902 416801
414903 415701
415701 415901
415701 416801
415701 417901
415701 421503
406101 416401
415901 416401
416401 416801
406101 416402
415701 416402
416401 416402
416402 416801
416401 416802
416801 416802
404801 404802
404801 417901
405001 417301
405901 417301
417301 417901
403901 417902
417301 417902
417901 417902
417902 421602
417902 421902
417301 417903
417901 417903
417902 417903
417903 421901
417901 417904
417902 417904
417903 417904
417901 417905
417902 417905
417903 417905
417904 417905
417901 417906
417902 417906
417903 417906
417904 417906
417905 417906
417901 420301
417902 420301
420201 420301
420301 420302
420301 421701
403002 422901
409601 422901
417901 422901
421901 422901
421902 422901
401801 415701
401801 415901
401801 421503
401801 401802
401802 415901
401802 421503
404801 406001
406001 409601
406001 415901
406001 421503
406001 421901
406001 422901
406001 407701
407701 421503
410101 410102
410102 421503
410101 412302
412302 421503
401801 415702
403303 415702
415701 415702
415702 416402
415702 421503
401801 415902
405901 415902
415701 415902
415901 415902
415902 421503
415702 416001
416001 421503
406502 417801
417801 421503
419202 420201
419202 421503
421001 421503
401802 421501
421501 421503
421501 421502
421502 421503
401802 421504
418702 421504
421501 421504
421502 421504
421503 421504
421504 421602
416402 421801
421301 421801
421503 421801
421801 421901
421801 422901
409301 421602
409301 409302
409302 421602
417801 417802
417802 421602
406001 406003
406003 421701
406502 406503
406503 421701
420801 421701
421701 421703
421702 421703
403501 421801
403501 421901
403501 422901
404901 421901
406001 406007
406003 406007
406007 421901
403501 421802
417903 421802
421801 421802
421802 421901
421802 422901
421801 421803
421802 421803
421803 421901
421901 421903
421902 421903
421901 421904
421902 421904
421903 421904
421901 421905
421902 421905
421903 421905
421904 421905
421901 422001
421901 422002
421902 422002
422001 422002
403501 422902
404802 422902
407402 422902
417902 422902
421802 422902
421901 422902
421902 422902
422901 422902
421802 422906
421901 422906
421902 422906
422901 422906
422902 422906
401701 402201
402201 415901
414301 415701
414301 415901
415701 415801
415801 415901
415801 416402
415801 421801
415901 415903
415902 415903
415901 415904
415902 415904
415903 415904
415901 415905
415902 415905
415903 415905
415904 415905
402201 415906
415901 415906
415902 415906
415903 415906
415904 415906
415905 415906
415901 415907
415902 415907
415903 415907
415904 415907
415905 415907
415906 415907
415901 415908
415902 415908
415903 415908
415904 415908
415905 415908
415906 415908
415907 415908
415901 416701
416701 420301
405001 416201
416201 422105
405001 416204
416201 416204
416204 416701
416204 422105
405901 409402
409302 409402
409401 409402
409402 409802
409402 410003
409402 412901
409402 421902
402601 423402
402201 402702
402702 406802
402702 423402
402601 423401
423401 423402
423401 423403
423402 423403
423401 423404
423402 423404
423403 423404
423401 423405
423402 423405
423403 423405
423404 423405
404601 409601
406501 406502
406501 406503
406501 407701
406501 409401
406501 409402
406501 409601
406501 416001
406501 417301
406501 417801
406501 417802
409401 410702
409601 410702
409601 412801
412801 416401
402802 415003
406802 415003
407105 415003
409401 415003
409601 415003
415003 415101
415003 416001
415003 417301
415003 422901
404801 415501
409601 415501
415501 416401
409601 417101
415501 417101
417101 417801
417101 422001
409601 417201
409601 420202
419202 420202
420201 420202
409601 424005
409701 415101
409701 422901
405901 412501
412501 415003
412501 415101
402201 414901
409801 414901
412501 414901
414901 414903
414901 415101
414901 417101
414901 415102
415003 415102
415101 415102
415101 415103
415102 415103
415101 415104
415102 415104
415103 415104
414901 415301
415003 415301
415101 415301
415301 415701
415301 415801
415101 415601
415301 415601
415601 415701
415601 415801
422601 423602
423601 423602
423601 423603
423602 423603
423601 423604
423602 423604
423603 423604
423601 423605
423602 423605
423603 423605
423604 423605
423601 423606
423602 423606
423603 423606
423604 423606
423605 423606
423601 423607
423602 423607
423603 423607
423604 423607
423605 423607
423606 423607
423601 423608
423602 423608
423603 423608
423604 423608
423605 423608
423606 423608
423607 423608
423601 423609
423602 423609
423603 423609
423604 423609
423605 423609
423606 423609
423607 423609
423608 423609
401101 403203
402401 403301
402401 403303
403301 403304
403302 403304
403303 403304
403301 403305
403302 403305
403303 403305
403304 403305
402401 422801
403301 422801
403302 422801
403303 422801
415301 422801
403301 422802
403303 422802
422801 422802
422802 423403
401602 401701
401602 403302
401602 422601
403302 407501
403302 423202
400401 403901
400401 406501
400401 400402
400402 403901
403901 405501
404601 405501
401802 406602
403901 406602
406602 406802
403901 413301
413301 419202
403901 418701
406101 418701
407001 418701
408301 418701
415301 418701
418701 418702
403002 406801
406801 406802
406801 407001
406801 407101
406801 415003
406801 415904
406801 417801
406801 406803
406802 406803
406801 406804
406802 406804
406803 406804
406801 406901
406802 406901
406802 406902
406901 406902
413801 414201
414201 414903
414201 415003
414201 415501
414201 415601
414201 416401
414201 417801
414201 414202
414202 414903
414202 417801
414202 417802
414901 414902
414902 414903
414902 415102
414901 414904
414902 414904
414903 414904
414904 415102
414901 414905
414902 414905
414903 414905
414904 414905
414901 414906
414902 414906
414903 414906
414904 414906
414905 414906
401601 401602
401601 401701
401601 401603
401602 401603
401603 401701
401601 401702
401602 401702
401603 401702
401701 401702
401702 401705
401702 401801
401702 401802
401701 401703
401702 401703
401703 401705
401601 401704
401602 401704
401603 401704
401701 401704
401702 401704
401703 401704
401704 401705
401704 401802
401704 414904
401701 401706
401702 401706
401703 401706
401704 401706
401705 401706
401701 401707
401702 401707
401703 401707
401704 401707
401705 401707
401706 401707
401701 402202
401802 402202
402201 402202
401701 410301
410101 410301
401701 412902
406501 412902
406901 412902
407402 412902
409701 412902
412901 412902
401601 418202
401602 418202
401701 418202
401702 418202
401704 418202
401801 418202
401701 422702
406101 422702
422702 423607
404802 405002
405001 405002
404801 406102
404802 406102
406101 406102
406102 409802
406102 417301
406102 422902
404801 417001
404802 417001
407701 417001
416201 417001
416204 417001
416401 417001
416402 417001
400701 402201
400701 405001
400701 407701
400701 414201
400701 415301
400701 415801
405001 405003
405002 405003
405001 405004
405002 405004
405003 405004
405001 405005
405002 405005
405003 405005
405004 405005
404601 405301
405001 405301
405301 405901
405301 416401
405001 407801
407801 408301
407801 418701
405001 408101
406801 408101
407201 408101
407701 408101
407801 408101
405001 408701
407501 408701
408701 421001
408701 421301
405001 416202
405004 416202
416201 416202
416202 416204
416202 417001
416202 422902
400301 405901
400301 406101
400301 415301
400301 418701
400301 422802
402802 402806
402806 406101
402806 407101
402806 408101
402806 422601
402806 423401
402806 423403
402802 402810
402806 402810
402810 403002
402810 403003
402810 406101
402810 415003
402810 422002
400401 403701
403701 405301
403701 406101
403701 408701
403701 409802
403701 421801
403701 422601
406101 406103
406102 406103
406101 406104
406102 406104
406103 406104
406104 418701
406104 423405
406101 406105
406102 406105
406103 406105
406104 406105
405902 417302
406101 417302
406102 417302
417301 417302
402802 418703
406101 418703
406102 418703
408301 418703
410301 418703
418701 418703
418702 418703
406101 423701
406401 406501
406401 406502
406401 417801
406401 422601
406102 406402
406401 406402
406402 406502
406402 416204
406402 417801
404601 406504
406501 406504
406502 406504
406503 406504
406504 422601
406501 406505
406502 406505
406503 406505
406504 406505
406501 406506
406502 406506
406503 406506
406504 406506
406505 406506
402810 407202
406502 407202
407105 407202
407201 407202
406502 410601
410101 410601
410301 410601
410601 410702
410601 412302
410601 412801
406502 417104
415702 417104
415903 417104
417101 417104
417104 417302
406502 417202
417201 417202
406502 417204
415102 417204
417104 417204
417201 417204
417202 417204
417204 417302
406502 418802
406502 422501
422501 422601
402901 407201
402901 416201
402901 423606
407201 408102
407202 408102
407701 408102
407801 408102
408101 408102
400101 407701
400101 408301
400101 408701
401003 401703
401003 408301
400101 408001
407701 408001
407801 408001
408001 408101
408001 408102
408001 408301
408301 408303
408302 408303
408301 408304
408302 408304
408303 408304
408301 408305
408302 408305
408303 408305
408304 408305
408301 408401
408301 411802
400101 418401
408301 418401
408302 418401
415801 418401
418401 418701
418401 418702
418401 419202
408001 418501
408301 418501
408302 418501
400101 400102
400102 408302
400102 408701
407701 407802
407801 407802
407802 408001
407802 408101
407802 408302
407801 408002
408001 408002
408002 408101
408002 408302
408302 411902
408302 412201
409401 412201
410101 412201
410102 412201
410601 412201
412201 412302
404201 412901
404201 412902
412701 412901
412901 412903
412902 412903
412701 413001
412901 413001
412901 415508
412902 415508
413001 415508
415501 415508
406301 413801
406301 421801
406301 422001
405901 410401
410401 410601
410401 413801
410401 417201
410401 410504
410504 413801
410504 414202
410301 410801
410801 413801
410702 411201
411201 412902
411201 413801
411201 415003
411201 416001
410401 413501
411201 413501
413501 413801
411201 413601
413601 413801
413601 422802
411201 413802
413501 413802
413601 413802
413801 413802
413802 414201
413802 414202
413802 422001
413802 422902
413801 413803
413802 413803
413801 413804
413802 413804
413803 413804
413801 413805
413802 413805
413803 413805
413804 413805
401801 407702
401802 407702
406501 407702
407701 407702
407702 408101
407702 417204
407702 421301
400102 408702
407702 408702
408701 408702
408702 421301
421301 421302
403303 407502
407501 407502
403001 403002
403001 403003
403001 403004
403002 403004
403003 403004
403001 403005
403002 403005
403003 403005
403004 403005
403002 418801
406901 418801
418801 418802
418801 419202
418801 422001
418801 422901
402202 402803
402802 402803
402803 402806
402803 402810
402803 403003
402803 407005
402803 407202
402803 415003
402802 402807
402803 402807
402806 402807
402807 402810
402807 403003
402807 407202
402807 415003
404101 407001
404101 415003
404101 417301
407001 407002
407002 407005
407002 407102
407001 407003
407002 407003
407003 407005
407001 407004
407002 407004
407003 407004
407004 407005
407001 407006
407002 407006
407003 407006
407004 407006
407005 407006
407001 407007
407002 407007
407003 407007
407004 407007
407005 407007
407006 407007
407005 420903
410102 420903
406704 407101
406704 407102
402801 402802
402801 402803
402801 402806
402801 402807
402801 402810
402801 402901
402801 406301
402801 407102
404403 407105
406901 406904
406902 406904
406904 407105
402001 402801
402001 402802
402001 402807
402001 402810
402001 402901
402801 402804
402802 402804
402803 402804
402804 402806
402804 402807
402804 402810
402801 402805
402802 402805
402803 402805
402804 402805
402805 402806
402805 402807
402805 402810
402801 402808
402802 402808
402803 402808
402804 402808
402805 402808
402806 402808
402807 402808
402808 402810
402801 402809
402802 402809
402803 402809
402804 402809
402805 402809
402806 402809
402807 402809
402808 402809
402809 402810
402001 402902
402802 402902
402809 402902
402901 402902
402902 416201
402902 416202
402902 416204
402802 407504
402807 407504
407501 407504
407502 407504
407504 407702
407504 407802
407504 408002
400301 400302
400302 405901
400302 418702
400302 421802
400302 422802
405602 418702
409901 418701
409901 418702
409901 409902
409902 418701
409902 418702
418501 418502
418502 418702
418701 418704
418702 418704
418703 418704
418701 418705
418702 418705
418703 418705
418704 418705
408801 420201
408801 420202
408801 420302
409201 420201
409201 420202
420201 420203
420202 420203
420201 420204
420202 420204
420203 420204
400302 423002
401101 423002
420201 423002
420202 423002
410002 410701
410701 410702
410701 416402
410701 420302
420301 420303
420302 420303
420301 420304
420302 420304
420303 420304
418802 420702
420302 420702
406901 406905
406902 406905
406904 406905
406905 409401
409401 409403
409402 409403
409401 409404
409402 409404
409403 409404
402601 409405
405901 409405
409302 409405
409401 409405
409402 409405
409403 409405
409404 409405
409405 410002
409405 415003
409401 409406
409402 409406
409403 409406
409404 409406
409405 409406
409401 413412
409402 413412
409405 413412
413412 415301
413412 415801
409401 413413
413412 413413
409401 420401
409401 420501
420301 420501
409801 409803
409802 409803
409402 409804
409801 409804
409802 409804
409803 409804
409801 409805
409802 409805
409803 409805
409804 409805
409801 420402
410401 420402
420401 420402
403701 403705
403705 409802
404201 404202
404202 409802
409802 414002
409804 414002
410102 414002
411201 414002
412302 414002
409802 416102
416102 420304
401802 418203
402201 418203
409802 418203
418202 418203
410101 410201
410102 410201
410201 410301
410201 410401
410201 410504
410201 410601
410201 414201
410201 414202
410101 410407
410201 410407
410401 410407
410407 410504
410407 414201
410101 410602
410102 410602
410301 410602
410401 410602
410601 410602
410602 410701
410602 412201
410101 411101
410401 411101
410702 411101
411101 411201
411101 414002
410101 412101
410102 412101
402201 402701
402701 402702
402701 405901
402701 405902
402701 406301
402701 423401
400401 403702
403701 403702
403702 403705
403702 405901
403702 406104
403702 411201
400401 405903
402701 405903
405901 405903
405902 405903
405903 406501
405903 415003
405903 417301
405903 418701
405903 418705
405901 405904
405902 405904
405903 405904
405904 417301
405904 417302
402701 405905
405901 405905
405902 405905
405903 405905
405904 405905
405905 413413
405905 417301
405901 411301
410801 411301
411301 413501
411301 413601
411301 414002
411301 422002
405901 420901
410102 420901
412801 420901
418202 420901
420801 420901
420901 420903
415701 415703
415702 415703
415701 415704
415702 415704
415703 415704
416401 416403
416402 416403
416401 418001
416402 418001
417801 418001
417802 418001
404101 404102
404102 415003
404102 416102
404102 416402
404102 417204
404102 417302
403701 405701
403702 405701
405701 415003
405701 416402
413601 413605
413605 416402
416202 416702
416204 416702
416402 416702
416701 416702
404801 415502
415501 415502
415502 415508
402102 406402
402102 415003
402102 417301
402102 418203
402102 423401
402001 402104
402102 402104
402104 402701
402104 417301
402104 417302
402104 418202
402701 409501
402702 409501
409402 409501
409501 417301
409501 423601
410701 415606
414002 415606
415601 415606
415606 417301
400401 416501
416501 417301
405904 417303
417301 417303
417302 417303
417301 417304
417302 417304
417303 417304
417301 417305
417302 417305
417303 417305
417304 417305
417301 417306
417302 417306
417303 417306
417304 417306
417305 417306
417301 417307
417302 417307
417303 417307
417304 417307
417305 417307
417306 417307
417202 417501
417301 417501
417302 417501
417301 417601
417302 417601
402303 402701
402303 420301
402303 402304
402304 402702
402304 420301
405101 420301
420301 420502
420501 420502
400301 401001
401001 401003
401001 401101
401001 402803
401001 402810
401001 408001
401001 415003
401001 416001
401001 422901
401001 423002
400301 419901
419202 419901
419901 422901
422901 422903
422902 422903
422903 422906
422901 422904
422902 422904
422903 422904
422904 422906
422901 422905
422902 422905
422903 422905
422904 422905
422905 422906
401801 401803
401802 401803
401801 401804
401802 401804
401803 401804
401801 401805
401802 401805
401803 401805
401804 401805
401801 406601
406301 406601
406402 406601
406601 406602
406601 406801
406601 408101
400202 400401
400202 400402
400202 401802
406001 406002
406002 406003
406002 406007
405904 406004
405905 406004
406001 406004
406002 406004
406003 406004
406004 406007
406001 406005
406002 406005
406003 406005
406004 406005
406005 406007
406001 406006
406002 406006
406003 406006
406004 406006
406005 406006
406006 406007
405905 406008
406001 406008
406002 406008
406003 406008
406004 406008
406005 406008
406006 406008
406007 406008
406001 406009
406002 406009
406003 406009
406004 406009
406005 406009
406006 406009
406007 406009
406008 406009
406001 406010
406002 406010
406003 406010
406004 406010
406005 406010
406006 406010
406007 406010
406008 406010
406009 406010
407701 407703
407702 407703
407701 407704
407702 407704
407703 407704
410102 410202
410201 410202
410202 410407
410202 410504
410202 410602
410202 410701
410102 410302
410202 410302
410301 410302
410302 412302
400701 410303
404101 410303
410102 410303
410201 410303
410202 410303
410301 410303
410302 410303
410303 410401
410303 410601
409701 410402
410102 410402
410201 410402
410202 410402
410301 410402
410302 410402
410303 410402
410401 410402
410402 410407
410402 410601
410402 410602
410402 410701
410402 420402
410402 420901
410402 420903
410102 413307
413301 413307
410102 414802
410402 414802
412801 414802
414802 420901
414802 420903
406704 420902
410102 420902
410402 420902
414802 420902
420801 420902
420901 420902
420902 420903
411502 411902
411502 412302
411502 414002
411601 411802
411601 412201
411601 412302
411702 411802
411702 411902
411702 412302
411702 414002
412101 412301
412201 412301
412301 412302
412301 412902
412201 412303
412301 412303
412302 412303
412303 412501
412303 412903
412303 414301
411502 412304
411601 412304
411702 412304
412101 412304
412201 412304
412301 412304
412302 412304
412303 412304
411502 414102
412101 414102
412302 414102
414002 414102
414102 414202
414102 414802
415003 415302
415301 415302
415302 415601
415302 415702
415302 416001
414901 415306
415003 415306
415301 415306
415302 415306
415306 415601
415306 415702
415102 415602
415302 415602
415306 415602
415601 415602
415602 415606
415602 415702
415602 416001
401001 416002
415602 416002
415702 416002
416001 416002
406402 416601
412501 416601
414202 416601
415102 416601
415602 416601
415702 416601
416501 416601
416601 420902
400401 404302
404302 415902
404302 417801
404302 417802
411101 414001
411301 414001
414001 414002
414001 415902
415902 418102
417802 418102
405801 416001
406504 411501
409805 411501
411501 411502
411501 411802
411501 411902
411501 412301
411501 414102
411501 416001
416001 416003
416002 416003
416001 416004
416002 416004
416003 416004
416001 416005
416002 416005
416003 416005
416004 416005
402201 418301
406801 418301
416001 418301
416002 418301
416001 418302
416002 418302
418301 418302
407301 417801
407301 417802
417801 417803
417802 417803
410407 417804
415102 417804
416102 417804
417204 417804
417801 417804
417802 417804
417803 417804
419001 419202
419001 419901
419001 419002
419002 419202
419002 419901
400101 419201
406102 419201
408702 419201
419201 419202
419201 419901
402810 419203
419001 419203
419002 419203
419201 419203
419202 419203
419203 420702
419002 419301
419202 419301
419203 419301
400302 419902
419001 419902
419201 419902
419202 419902
419203 419902
419901 419902
419902 420304
419902 420702
421001 421002
421001 421003
421002 421003
402702 416502
416501 416502
416502 416601
416502 421504
402902 421402
414102 421402
419902 421402
421302 421402
421402 421504
400402 406302
404102 406302
406301 406302
406302 406402
406302 406602
406302 417104
406302 417804
406302 421801
406302 421802
421801 421804
421802 421804
421803 421804
409301 409303
409302 409303
409301 411901
410303 411901
410401 411901
411702 411901
411901 411902
411901 412201
411901 414201
400801 401001
400801 406503
420801 420802
420801 420803
420802 420803
420801 420804
420802 420804
420803 420804
401001 402101
402101 402102
402101 402104
402101 402701
402101 403501
402101 406402
402101 415003
402101 418202
402101 423403
403501 403502
403502 405701
403502 422802
403501 403503
403502 403503
404901 404902
404901 404903
404902 404903
404901 404904
404902 404904
404903 404904
404901 404905
404902 404905
404903 404905
404904 404905
422001 422003
422002 422003
422001 422004
422002 422004
422003 422004
422001 422005
422002 422005
422003 422005
422004 422005
422001 422006
422002 422006
422003 422006
422004 422006
422005 422006
403702 411202
411201 411202
411202 413802
411202 415003
411202 422002
402702 409503
404101 409503
407702 409503
409501 409503
409503 422902
409503 423601
411301 412702
412701 412702
412702 422902
421302 421401
421401 421402
421401 422906
402201 402203
402202 402203
414201 414302
414202 414302
414301 414302
414302 422601
414301 414303
414302 414303
414301 414304
414302 414304
414303 414304
414301 414305
414302 414305
414303 414305
414304 414305
402702 415802
415302 415802
415601 415802
415602 415802
415801 415802
415801 415803
415802 415803
415801 415804
415802 415804
415803 415804
415202 415903
415202 416501
415202 416502
402702 409502
404101 409502
409501 409502
409502 409503
409502 415508
409502 415904
416701 416703
416702 416703
404601 416203
406501 416203
416201 416203
416202 416203
416203 416204
416201 416301
414002 416302
416202 416302
416204 416302
416301 416302
416204 418602
402301 402303
402301 402304
402301 402601
402301 402701
402301 406302
402301 402302
402302 402303
402302 402304
402302 402601
402302 406102
402501 402601
402601 402602
402701 402703
402702 402703
402701 402704
402702 402704
402703 402704
402702 413202
409804 413202
410407 413202
410701 413202
411502 413202
413202 414002
402702 417102
409501 417102
409502 417102
409503 417102
417101 417102
417102 417104
417102 417201
417102 417202
417102 417204
400302 409001
407801 409001
409001 409201
409001 420202
409001 423002
409001 423403
404601 404602
404602 405501
404602 411502
404602 414002
404602 417204
404601 404603
404602 404603
404601 405302
405301 405302
404601 405401
404602 405401
405401 417201
405401 417204
400301 415004
404601 415004
405905 415004
415003 415004
415004 415102
415004 415302
415004 415306
415004 416601
404601 417103
406302 417103
409501 417103
416501 417103
417101 417103
417102 417103
417103 417104
417103 417302
410401 410501
410407 410501
410501 410504
410501 410702
410202 410703
410402 410703
410602 410703
410701 410703
410702 410703
410703 411101
410703 413202
410703 413301
410701 410704
410702 410704
410703 410704
403702 410902
410401 410902
410501 410902
410702 410902
409804 413201
410702 413201
410703 413201
411501 413201
412301 413201
413001 413201
413201 413202
410702 413405
410902 413405
411501 413405
412304 413405
413405 413412
413405 413413
401101 415503
410702 415503
415501 415503
415502 415503
415503 415508
412801 412802
412802 420902
412802 420903
412801 412803
412802 412803
400202 412804
412801 412804
412802 412804
412803 412804
402901 414801
412801 414801
414201 414801
414801 414802
414801 420901
414801 420902
414801 420903
414801 422601
407601 415003
402302 407602
407601 407602
407602 415003
407602 421402
401001 410406
402001 410406
410201 410406
410401 410406
410402 410406
410406 410407
410406 410504
410406 410601
410406 413201
410406 415003
410406 419901
412501 412502
412502 414901
412502 415003
412502 416601
411101 415001
415001 415003
415001 415004
415001 415102
414202 415002
415001 415002
415002 415003
415002 415004
415002 415102
415001 415005
415002 415005
415003 415005
415004 415005
415001 415006
415002 415006
415003 415006
415004 415006
415005 415006
400301 422701
400302 422701
402801 422701
402809 422701
405301 422701
406301 422701
406401 422701
415003 422701
422701 422702
422701 423606
410406 414203
414201 414203
414202 414203
414203 414302
414203 415501
415501 415504
415502 415504
415503 415504
415504 415508
415504 415802
415501 415505
415502 415505
415503 415505
415504 415505
415505 415508
415501 415506
415502 415506
415503 415506
415504 415506
415505 415506
415506 415508
415501 415507
415502 415507
415503 415507
415504 415507
415505 415507
415506 415507
415507 415508
415501 415509
415502 415509
415503 415509
415504 415509
415505 415509
415506 415509
415507 415509
415508 415509
403801 405301
403801 405302
403801 406301
403801 406401
403801 406402
403801 417101
417101 417105
417102 417105
417103 417105
417104 417105
415802 418402
417101 418402
417102 418402
418401 418402
408102 423901
417101 423901
417101 424006
424005 424006
401901 405301
401901 405302
401901 406301
401901 408101
401901 417201
401901 420702
404501 417201
404501 404502
404502 417103
404502 417201
404502 417202
404502 417204
404101 417203
404502 417203
406504 417203
416203 417203
417102 417203
417103 417203
417201 417203
417202 417203
417203 417204
417203 419002
417201 417205
417202 417205
417203 417205
417204 417205
417201 417206
417202 417206
417203 417206
417204 417206
417205 417206
424001 424005
424001 424006
424001 424002
424002 424005
424002 424006
424001 424003
424002 424003
424003 424005
424003 424006
424001 424004
424002 424004
424003 424004
424004 424005
424004 424006
424001 424007
424002 424007
424003 424007
424004 424007
424005 424007
424006 424007
409701 409702
409702 422701
409702 422702
409701 411404
410201 411404
411404 411502
411404 411802
411404 411901
411404 411902
411404 414102
409701 414101
412101 414101
412301 414101
412501 414101
413601 414101
414101 414102
400801 410906
410201 410906
410303 410906
410902 410906
410906 411501
410906 412303
410906 412501
410201 411401
410301 411401
411401 411404
411401 411702
411401 411802
411401 411902
411401 412501
407703 411403
410201 411403
411401 411403
411403 411404
411403 411501
411403 411502
411403 411802
411403 411901
411403 412501
411403 413405
411403 414102
412501 412503
412502 412503
412501 412504
412502 412504
412503 412504
412501 412505
412502 412505
412503 412505
412504 412505
412501 414204
412502 414204
414201 414204
414202 414204
414203 414204
400401 400702
400701 400702
400702 406704
400702 414901
400702 415001
400702 415301
400702 415601
400702 415802
400401 400703
400402 400703
400701 400703
400702 400703
400703 406902
400703 412505
400703 415301
400703 415302
400703 415601
400703 415602
400101 408601
400102 408601
408101 408601
408601 415301
408601 422601
415301 415303
415302 415303
415303 415306
415301 415304
415302 415304
415303 415304
415304 415306
415301 415305
415302 415305
415303 415305
415304 415305
415305 415306
415301 415401
415302 415401
415306 415401
410902 418101
415301 418101
418101 418102
415202 415603
415601 415603
415602 415603
415603 415606
415202 415604
415601 415604
415602 415604
415603 415604
415604 415606
415604 415802
415601 415605
415602 415605
415603 415605
415604 415605
415605 415606
405701 405704
405704 422601
406601 406603
406602 406603
406603 422601
419901 419905
419902 419905
419905 422601
422501 422502
422502 422601
417205 422602
422601 422602
422602 422702
422601 422603
422602 422603
422601 422604
422602 422604
422603 422604
422601 422605
422602 422605
422603 422605
422604 422605
400702 401102
401001 401102
401101 401102
401102 408002
401102 416002
401102 423002
401101 401103
401102 401103
401101 401104
401102 401104
401103 401104
401003 423801
401101 423801
418301 423801
402401 402402
402401 402403
402402 402403
402401 402404
402402 402404
402403 402404
400101 405601
405601 405602
405601 408701
405601 408702
405601 417202
405601 417203
405601 422602
405601 422801
412401 422801
422801 422803
422802 422803
422801 422804
422802 422804
422803 422804
400101 407503
402801 407503
407501 407503
407502 407503
407503 407504
407503 407601
407503 407602
407503 407801
407503 408001
407501 407505
407502 407505
407503 407505
407504 407505
407501 407506
407502 407506
407503 407506
407504 407506
407505 407506
418802 420701
420304 420701
420502 420701
420701 420702
420701 423202
406301 423201
422701 423201
422702 423201
423201 423202
423201 423203
423202 423203
423201 423204
423202 423204
423203 423204
423201 423205
423202 423205
423203 423205
423204 423205
400201 400202
400201 400401
400201 405501
400201 417102
400201 420701
400401 400403
400402 400403
400403 405903
400403 405904
400401 400404
400402 400404
400403 400404
400401 403401
403401 420304
400401 404301
404301 404302
404301 407601
400401 404401
404401 404403
404401 406301
404401 417103
400201 400203
400202 400203
400203 400402
400203 400403
400203 401703
400203 408601
400203 412804
404602 405502
405501 405502
405502 419201
405501 405503
405502 405503
405501 405504
405502 405504
405503 405504
406601 406604
406602 406604
406603 406604
410201 410901
410202 410901
410401 410901
410402 410901
410901 410902
410901 410906
410901 413202
410901 413301
410901 413307
411902 413302
413301 413302
413302 413307
410901 413303
413301 413303
413302 413303
413303 413307
413301 413304
413302 413304
413303 413304
413304 413307
413301 413305
413302 413305
413303 413305
413304 413305
413305 413307
413301 413306
413302 413306
413303 413306
413304 413306
413305 413306
413306 413307
413306 414801
400301 423001
401003 423001
402801 423001
418701 423001
423001 423002
406901 406903
406902 406903
406903 406904
406903 406905
414201 414502
414202 414502
411403 412001
411404 412001
412001 414202
412001 414203
401702 418901
418801 418901
401704 423003
423001 423003
423002 423003
400102 408602
402202 408602
408601 408602
410301 410304
410302 410304
410303 410304
410304 410402
410304 410602
410304 410701
410301 410305
410302 410305
410303 410305
410304 410305
410301 410306
410302 410306
410303 410306
410304 410306
410305 410306
410301 410307
410302 410307
410303 410307
410304 410307
410305 410307
410306 410307
410307 410402
410307 410602
410301 410308
410302 410308
410303 410308
410304 410308
410305 410308
410306 410308
410307 410308
410301 410309
410302 410309
410303 410309
410304 410309
410305 410309
410306 410309
410307 410309
410308 410309
410301 410310
410302 410310
410303 410310
410304 410310
410305 410310
410306 410310
410307 410310
410308 410310
410309 410310
410301 410311
410302 410311
410303 410311
410304 410311
410305 410311
410306 410311
410307 410311
410308 410311
410309 410311
410310 410311
405302 410502
410301 410502
410304 410502
410307 410502
410401 410502
410402 410502
410406 410502
410407 410502
410501 410502
410502 410504
410502 410601
410502 410602
410502 410901
410502 414802
412201 413902
412902 413902
418201 418202
418201 418203
418201 418204
418202 418204
418203 418204
418201 418205
418202 418205
418203 418205
418204 418205
402901 422505
416601 422505
422501 422505
422502 422505
422505 422602
422505 422702
422701 422703
422702 422703
417001 417002
417001 417003
417002 417003
417001 417004
417002 417004
417003 417004
400701 400704
400702 400704
400703 400704
400704 420903
400701 400705
400702 400705
400703 400705
400704 400705
400701 406703
406703 406704
406703 420702
404702 405301
404702 405302
405301 405303
405302 405303
407801 407803
407802 407803
407801 407804
407802 407804
407803 407804
407801 413002
410901 413002
413001 413002
413002 413201
413002 413202
407702 423902
408101 423902
423901 423902
407702 408505
408505 408701
408505 408702
408505 417202
408701 408703
408702 408703
408701 408704
408702 408704
408703 408704
400301 400303
400302 400303
400301 400304
400302 400304
400303 400304
400301 412403
400302 412403
412401 412403
400301 422401
403701 403703
403702 403703
403703 403705
403703 408702
403701 403704
403702 403704
403703 403704
403704 403705
403701 403706
403702 403706
403703 403706
403704 403706
403705 403706
406104 406202
406202 416501
406202 416502
406202 418703
401901 401902
401902 417302
408502 408505
408502 418703
423701 423702
406401 406403
406402 406403
406401 406404
406402 406404
406403 406404
406401 406405
406402 406405
406403 406405
406404 406405
410601 410603
410602 410603
410601 410604
410602 410604
410603 410604
410601 410803
410602 410803
410801 410803
418801 418803
418802 418803
418801 418804
418802 418804
418803 418804
418801 418805
418802 418805
418803 418805
418804 418805
418802 418902
418901 418902
418801 419101
418802 419101
418901 419101
418902 419101
418802 419102
418902 419102
419101 419102
422501 422503
422502 422503
422503 422505
422501 422504
422502 422504
422503 422504
422504 422505
422501 422506
422502 422506
422503 422506
422504 422506
422505 422506
400101 400103
400102 400103
400101 400104
400102 400104
400103 400104
400101 400601
400601 411401
401001 401002
401002 401003
401002 417002
401002 423002
401001 401004
401002 401004
401003 401004
401004 401102
401004 408505
401004 416002
401004 423002
401004 423003
401001 401005
401002 401005
401003 401005
401004 401005
401003 401201
401001 401401
401003 401401
401201 401401
401003 419701
408001 408003
408002 408003
408001 408004
408002 408004
408003 408004
400102 408402
401002 408402
401004 408402
408401 408402
408401 408403
408402 408403
408401 408404
408402 408404
408403 408404
408401 408405
408402 408405
408403 408405
408404 408405
400302 411402
410201 411402
411401 411402
411402 411403
411402 411404
411402 411501
411402 411502
411402 411702
411402 411802
411402 411901
411402 411902
411402 412502
411801 411802
411801 411803
411802 411803
411801 411804
411802 411804
411803 411804
418401 418403
418402 418403
418401 418404
418402 418404
418403 418404
418501 418503
418502 418503
418501 418504
418502 418504
418503 418504
411901 411903
411902 411903
411901 411904
411902 411904
411903 411904
412201 412202
412202 412303
412201 412203
412202 412203
404201 404203
404202 404203
404201 404204
404202 404204
404203 404204
412701 412703
412702 412703
412701 412704
412702 412704
412703 412704
413001 413003
413002 413003
413001 413004
413002 413004
413003 413004
406301 406303
406302 406303
406303 411403
406301 406304
406302 406304
406303 406304
406301 406305
406302 406305
406303 406305
406304 406305
406301 406701
406701 406703
406701 406704
410401 410403
410402 410403
410403 410406
410403 410407
410401 410404
410402 410404
410403 410404
410404 410406
410404 410407
410201 410405
410202 410405
410401 410405
410402 410405
410403 410405
410404 410405
410405 410406
410405 410407
410405 411403
410501 410503
410502 410503
410503 410504
410406 410505
410407 410505
410501 410505
410502 410505
410503 410505
410504 410505
410505 420702
410407 410802
410602 410802
410801 410802
410802 410803
410801 410804
410802 410804
410803 410804
410402 411102
410701 411102
411101 411102
411102 411201
411102 411202
411102 414001
411201 411203
411202 411203
411203 422701
411201 411204
411202 411204
411203 411204
411101 413602
411102 413602
411201 413602
411202 413602
411301 413602
413601 413602
413602 413605
413602 413802
410906 411302
411301 411302
411302 413501
411302 413601
411302 413602
411302 414001
411102 413502
413501 413502
413501 413503
413502 413503
413501 413504
413502 413504
413503 413504
411001 411102
411001 411202
411001 411301
411001 411302
411001 411401
411001 413201
411001 413202
411001 413601
411001 413602
413601 413603
413602 413603
413603 413605
413601 413604
413602 413604
413603 413604
413604 413605
413601 413606
413602 413606
413603 413606
413604 413606
413605 413606
411001 411303
411301 411303
411302 411303
411303 413602
411303 413604
411303 413802
411303 414001
411303 414002
413405 413408
413408 413412
413408 413413
413408 413802
400502 408702
400502 423002
400502 400902
400902 401002
400902 408702
400902 423002
408801 419501
409201 419501
418801 419501
419301 419501
404101 404103
404102 404103
404101 404104
404102 404104
404103 404104
404101 423301
404102 423301
409502 423301
409503 423301
404101 423305
404102 423305
423301 423305
420901 420904
420902 420904
420903 420904
420901 420905
420902 420905
420903 420905
420904 420905
406701 406702
406702 406703
406702 406704
406701 406705
406702 406705
406703 406705
406704 406705
406701 406706
406702 406706
406703 406706
406704 406706
406705 406706
404401 404402
404402 404403
404401 404404
404402 404404
404403 404404
402001 402002
402001 402003
402002 402003
402102 403402
402902 403402
403401 403402
403402 420702
405601 405603
405602 405603
409901 409903
409902 409903
409901 409904
409902 409904
409903 409904
405701 408802
408801 408802
408802 419001
408802 420304
408802 420702
408801 408803
408802 408803
408801 408804
408802 408804
408803 408804
408804 419001
408804 420702
409001 409002
409002 409201
409002 423002
409201 409202
409001 419502
409201 419502
419001 419502
419301 419502
419501 419502
419502 419902
423001 423004
423002 423004
423003 423004
410402 410903
410701 410903
410703 410903
410901 410903
410902 410903
410903 410906
410903 412702
410701 413406
410703 413406
411404 413406
412303 413406
412304 413406
413405 413406
413406 413408
413406 413412
413406 413413
404102 416101
416101 416102
416101 419002
416101 420304
419001 419601
419201 419601
419203 419601
419501 419601
419502 419601
419601 420701
419601 420702
420701 420703
420702 420703
409405 414602
411901 413401
413401 413405
413401 413406
413401 413408
413401 413412
413401 413413
413401 413402
413402 413405
413402 413406
413402 413408
413402 413412
413402 413413
413401 413403
413402 413403
413403 413405
413403 413406
413403 413408
413403 413412
413403 413413
413401 413404
413402 413404
413403 413404
413404 413405
413404 413406
413404 413408
413404 413412
413404 413413
413401 413407
413402 413407
413403 413407
413404 413407
413405 413407
413406 413407
413407 413408
413407 413412
413407 413413
413401 413409
413402 413409
413403 413409
413404 413409
413405 413409
413406 413409
413407 413409
413408 413409
413409 413412
413409 413413
413401 413410
413402 413410
413403 413410
413404 413410
413405 413410
413406 413410
413407 413410
413408 413410
413409 413410
413410 413412
413410 413413
413401 413411
413402 413411
413403 413411
413404 413411
413405 413411
413406 413411
413407 413411
413408 413411
413409 413411
413410 413411
413411 413412
413411 413413
420401 420403
420402 420403
420501 420503
420502 420503
420501 420504
420502 420504
420503 420504
420501 420505
420502 420505
420503 420505
420504 420505
414001 414003
414002 414003
411001 414402
414002 414402
410201 410203
410202 410203
410203 410406
410203 414203
411101 411103
411102 411103
411101 411104
411102 411104
411103 411104
404501 404503
404502 404503
404503 405904
405801 405802
405802 405905
411301 411304
411302 411304
411303 411304
411301 411305
411302 411305
411303 411305
411304 411305
411301 411306
411302 411306
411303 411306
411304 411306
411305 411306
405701 405702
405702 405704
405702 409502
405701 405703
405702 405703
405703 405704
402101 402103
402102 402103
402103 402104
409501 409504
409502 409504
409503 409504
415201 415202
415201 416501
415201 416502
416501 416503
416502 416503
416501 416504
416502 416504
416503 416504
417501 417502
402301 402305
402302 402305
402303 402305
402304 402305
402301 402306
402302 402306
402303 402306
402304 402306
402305 402306
405101 405102
405101 405103
405102 405103
405101 405104
405102 405104
405103 405104
405101 405105
405102 405105
405103 405105
405104 405105
405101 405106
405102 405106
405103 405106
405104 405106
405105 405106
400502 400802
400801 400802
400802 400902
400802 401001
400801 400901
400802 400901
400901 400902
400901 401001
400901 401102
400901 423001
401001 401402
401004 401402
401401 401402
401402 419502
419901 419903
419902 419903
419903 419905
419901 419904
419902 419904
419903 419904
419904 419905
400201 400204
400202 400204
400203 400204
400201 400205
400202 400205
400203 400205
400204 400205
400201 400206
400202 400206
400203 400206
400204 400206
400205 400206
410302 413101
414801 414803
414802 414803
414801 414804
414802 414804
414803 414804
420902 422402
422401 422402
411501 411503
411502 411503
411402 411701
411701 411702
414101 414103
414102 414103
414101 414104
414102 414104
414103 414104
404301 404303
404302 404303
404301 404304
404302 404304
404303 404304
404304 409502
404301 404305
404302 404305
404303 404305
404304 404305
418101 418103
418102 418103
418101 418104
418102 418104
418103 418104
418101 418105
418102 418105
418103 418105
418104 418105
418101 418106
418102 418106
418103 418106
418104 418106
418105 418106
405801 405803
405802 405803
405801 405804
405802 405804
405803 405804
418301 418303
418302 418303
418301 418304
418302 418304
418303 418304
418301 418305
418302 418305
418303 418305
418304 418305
418301 418306
418302 418306
418303 418306
418304 418306
418305 418306
407301 407302
407302 417804
407302 419203
419001 419003
419002 419003
419001 419004
419002 419004
419003 419004
419002 419302
419203 419302
419301 419302
419302 419501
419302 419502
401401 419801
419002 419801
419201 419801
401102 419802
419002 419802
419201 419802
419801 419802
419203 419702
419701 419702
419301 419303
419302 419303
419301 419304
419302 419304
419303 419304
421401 421403
421402 421403
421401 421404
421402 421404
421403 421404
421401 421405
421402 421405
421403 421405
421404 421405
403801 403802
403802 404602
403802 406302
400501 400502
400501 400801
400501 400802
400501 400901
400501 400902
400501 401401
400501 401402
400501 423001
416301 416303
416302 416303
416301 416304
416302 416304
416303 416304
418601 418602
418601 418603
418602 418603
418601 418604
418602 418604
418603 418604
402501 402502
402501 402503
402502 402503
402501 402504
402502 402504
402503 402504
413201 413203
413202 413203
413201 413204
413202 413204
413203 413204
413201 413205
413202 413205
413203 413205
413204 413205
409001 409003
409002 409003
409001 409004
409002 409004
409003 409004
405401 405402
405401 405403
405402 405403
410901 410904
410902 410904
410903 410904
410904 410906
410901 410905
410902 410905
410903 410905
410904 410905
410905 410906
407601 407603
407602 407603
407601 407604
407602 407604
407603 407604
407601 407605
407602 407605
407603 407605
407604 407605
407601 407606
407602 407606
407603 407606
407604 407606
407605 407606
423901 423903
423902 423903
423901 423904
423902 423904
423903 423904
423901 423905
423902 423905
423903 423905
423904 423905
401901 401903
401902 401903
401903 417203
401901 401904
401902 401904
401903 401904
401901 401905
401902 401905
401903 401905
401904 401905
404501 404504
404502 404504
404503 404504
404501 404505
404502 404505
404503 404505
404504 404505
400203 408603
408601 408603
408602 408603
408601 408604
408602 408604
408603 408604
400203 408605
408601 408605
408602 408605
408603 408605
408604 408605
415401 415402
415401 415403
415402 415403
400501 401202
401002 401202
401102 401202
401201 401202
401202 401402
409002 423802
423801 423802
423801 423803
423802 423803
423801 423804
423802 423804
423803 423804
423801 423805
423802 423805
423803 423805
423804 423805
423801 423806
423802 423806
423803 423806
423804 423806
423805 423806
423801 423807
423802 423807
423803 423807
423804 423807
423805 423807
423806 423807
423801 423808
423802 423808
423803 423808
423804 423808
423805 423808
423806 423808
423807 423808
412401 412402
412402 412403
403401 403403
403402 403403
403401 403404
403402 403404
403403 403404
403401 403405
403402 403405
403403 403405
403404 403405
414501 414502
414501 414503
414502 414503
412001 412002
412001 412003
412002 412003
413901 413902
413901 413903
413902 413903
413901 413904
413902 413904
413903 413904
404701 404702
404701 404703
404702 404703
404701 404704
404702 404704
404703 404704
408501 408502
408501 408505
408501 408503
408502 408503
408503 408505
408501 408504
408502 408504
408503 408504
408504 408505
422401 422403
422402 422403
422401 422404
422402 422404
422403 422404
422401 422405
422402 422405
422403 422405
422404 422405
406201 406202
406201 406203
406202 406203
406201 406204
406202 406204
406203 406204
406201 406205
406202 406205
406203 406205
406204 406205
406201 406206
406202 406206
406203 406206
406204 406206
406205 406206
419101 419103
419102 419103
419101 419104
419102 419104
419103 419104
400601 400602
400601 400603
400602 400603
400601 400604
400602 400604
400603 400604
401002 419402
401201 401203
401202 401203
401201 401204
401202 401204
401203 401204
401201 401205
401202 401205
401203 401205
401204 401205
401401 401403
401402 401403
401401 401404
401402 401404
401403 401404
401401 401405
401402 401405
401403 401405
401404 401405
401401 416901
419701 419703
419702 419703
419701 419704
419702 419704
419703 419704
411001 414401
414401 414402
400502 408201
400502 408202
408201 408202
400502 419407
419402 419407
419501 419503
419502 419503
419501 419504
419502 419504
419503 419504
423301 423302
423302 423305
423301 423303
423302 423303
423303 423305
423301 423304
423302 423304
423303 423304
423304 423305
423301 423306
423302 423306
423303 423306
423304 423306
423305 423306
410903 423502
419601 419602
414601 414602
414601 414603
414602 414603
414601 414604
414602 414604
414603 414604
400802 400904
413101 413102
419801 419803
419802 419803
419401 419402
419401 419407
419401 419403
419402 419403
419403 419407
419401 419404
419402 419404
419403 419404
419404 419407
419401 419405
419402 419405
419403 419405
419404 419405
419405 419407
419401 419406
419402 419406
419403 419406
419404 419406
419405 419406
419406 419407
416901 416902
416901 416903
416902 416903
416901 416904
416902 416904
416903 416904
408201 408203
408202 408203
408201 408204
408202 408204
408203 408204
423501 423502
423501 423503
423502 423503
423501 423504
423502 423504
423503 423504
423501 423505
423502 423505
423503 423505
423504 423505