501401 501403
501401 501402
501402 501403
501401 501404
501402 501404
501403 501404
501401 501405
501402 501405
501403 501405
501404 501405
501401 501406
501402 501406
501403 501406
501404 501406
501405 501406
501401 501407
501402 501407
501403 501407
501404 501407
501405 501407
501406 501407
501401 501408
501402 501408
501403 501408
501404 501408
501405 501408
501406 501408
501407 501408
501401 501409
501402 501409
501403 501409
501404 501409
501405 501409
501406 501409
501407 501409
501408 501409
501401 501410
501402 501410
501403 501410
501404 501410
501405 501410
501406 501410
501407 501410
501408 501410
501409 501410
501401 501411
501402 501411
501403 501411
501404 501411
501405 501411
501406 501411
501407 501411
501408 501411
501409 501411
501410 501411
501403 505501
501302 501401
501302 501402
501401 504101
501302 504102
501401 504102
501402 504102
504101 504102
501401 512301
501405 512301
504101 512301
501302 501303
501303 501402
501302 501305
501303 501305
501305 501402
501402 512302
504101 512302
512301 512302
501411 509103
500501 505501
501703 505501
505501 505502
505501 505503
505502 505503
505501 505504
505502 505504
505503 505504
505501 505505
505502 505505
505503 505505
505504 505505
505501 505701
505502 505701
505501 505702
505502 505702
505701 505702
501703 505901
505501 505901
505502 505901
505701 505901
505702 505901
505501 505902
505502 505902
505701 505902
505702 505902
505901 505902
505501 507501
505501 507701
507501 507701
505501 508701
507701 508701
505501 508702
508701 508702
505501 508803
505502 508803
505501 509707
505502 509707
505501 510201
505501 511701
500902 501302
501301 501302
501301 501303
501301 501305
501301 504101
501301 504102
501301 505701
501301 501304
501302 501304
501303 501304
501304 501305
501301 501306
501302 501306
501303 501306
501304 501306
501305 501306
501301 501307
501302 501307
501303 501307
501304 501307
501305 501307
501306 501307
501302 508502
501301 512901
501302 512901
512301 512901
500804 504101
500804 504102
501801 504101
502101 504101
502301 504101
502301 512301
502301 512302
504101 506601
504101 507001
501205 504102
502301 502302
502302 504102
504102 507002
507001 507002
500501 500901
500901 500902
500901 501301
500901 505901
500901 512301
500901 512302
500501 501201
501201 501205
501201 501301
501201 501304
501201 510201
501201 512301
502302 504202
504202 512301
504202 512302
500901 505201
505201 512301
505201 512302
508103 512301
508103 512302
501301 510905
510905 512301
512301 512303
512302 512303
512301 512304
512302 512304
512303 512304
500403 501303
500501 500502
500502 500902
500502 501201
500502 501303
500502 501305
501201 501203
501203 501205
501203 501303
501303 513501
501304 513501
501305 513501
500502 501202
501201 501202
501202 501203
501202 501205
501202 501304
501202 501305
502604 512302
503703 512302
512302 512502
502302 504201
504201 504202
504201 509103
505811 509103
505811 509707
504201 509101
509101 509103
504201 509102
505811 509102
509101 509102
509102 509103
509101 509104
509102 509104
509103 509104
509101 509105
509102 509105
509103 509105
509104 509105
509101 509106
509102 509106
509103 509106
509104 509106
509105 509106
508701 509301
509102 509301
509103 509301
506601 509302
509101 509302
509102 509302
509103 509302
509301 509302
505902 510104
509103 510104
509101 513101
509102 513101
509103 513101
500301 500501
500301 501201
500301 501301
500301 500302
500302 500501
500302 500502
500501 500503
500502 500503
500501 500504
500502 500504
500503 500504
500501 500601
500501 507805
500501 509701
501703 509701
505811 509701
505901 509701
507805 509701
509102 509701
509701 509707
501701 501703
501701 501801
501701 502101
501701 506601
501701 501702
501702 501703
501702 501801
501702 502101
501702 506601
501701 501704
501702 501704
501703 501704
501703 505101
504201 505101
505101 509101
505101 513101
501703 507803
507803 507805
501201 505302
505302 505502
505302 505702
505302 508502
505502 505601
505601 505702
505601 505902
505601 509701
505502 507502
507501 507502
507502 507701
505502 507702
507501 507702
507502 507702
507701 507702
505301 505302
505301 505701
505301 509701
505701 505703
505702 505703
505701 505704
505702 505704
505703 505704
505701 506001
505702 506001
505901 506001
505902 506001
506001 508502
505201 507903
505701 507903
507903 508702
505701 509001
509001 509102
501102 501202
501102 505201
501102 505601
501102 505702
501102 505902
501102 508502
505402 505702
500301 501502
501201 501502
501502 501702
501502 505901
501502 510104
505807 505811
505807 505901
505807 505902
505901 505903
505902 505903
505901 505904
505902 505904
505903 505904
505601 507301
505901 507301
505902 507301
505601 507302
505901 507302
507301 507302
507302 507803
505601 507305
505901 507305
507301 507305
507302 507305
505901 508903
505402 505404
505404 505902
505902 506004
506001 506004
505902 506204
505902 506301
506001 506301
505902 506302
506001 506302
506301 506302
506302 509701
505902 506303
506001 506303
506301 506303
506302 506303
506303 508701
505404 506304
505902 506304
506001 506304
506301 506304
506302 506304
506303 506304
507302 507401
507401 507501
507401 507502
507401 507701
507401 507702
507501 507503
507502 507503
507501 507504
507502 507504
507503 507504
507501 507505
507502 507505
507503 507505
507504 507505
507501 508101
507502 508101
507701 508101
507702 508101
508101 508103
508101 508701
508101 509301
505301 508501
505302 508501
507501 508501
508501 508502
501301 510901
507401 510901
507501 510901
507502 510901
507805 510901
510901 510905
507501 511101
507701 511101
507805 511101
507701 507703
507702 507703
507701 507704
507702 507704
507703 507704
507701 507705
507702 507705
507703 507705
507704 507705
507701 507706
507702 507706
507703 507706
507704 507706
507705 507706
507502 511102
507701 511102
510104 511102
511101 511102
511102 512303
505401 505402
505401 505404
505401 508701
505401 508702
508701 508703
508702 508703
508701 508801
508702 508801
508801 508803
508801 510201
507805 508901
508101 508901
508701 508901
508801 508901
508901 508903
505401 510501
505811 510501
507706 510501
508701 510501
508701 511201
508101 512601
508701 512601
508702 512601
507803 507902
507902 507903
507902 508702
507902 507904
507903 507904
507904 508702
508101 508102
508102 508103
508102 508702
508102 512601
508702 508802
508801 508802
508802 508803
505401 510302
508702 510302
510104 510302
510302 510501
510302 510901
510302 510905
507302 512602
508102 512602
508702 512602
512601 512602
501702 501906
501906 502101
501906 508803
505301 508804
508801 508804
508802 508804
508803 508804
508801 508805
508802 508805
508803 508805
508804 508805
508801 508806
508802 508806
508803 508806
508804 508806
508805 508806
508801 508807
508802 508807
508803 508807
508804 508807
508805 508807
508806 508807
503102 508801
503102 509707
505807 505812
505811 505812
505812 509707
506102 506301
506102 506302
506102 506304
506102 509707
509701 509702
509702 509707
506001 509703
509701 509703
509702 509703
509703 509707
509701 509704
509702 509704
509703 509704
509704 509707
509701 509705
509702 509705
509703 509705
509704 509705
509705 509707
509701 509706
509702 509706
509703 509706
509704 509706
509705 509706
509706 509707
506703 510104
506703 510201
510201 510202
510202 510302
510201 510203
510202 510203
510201 510204
510202 510204
510203 510204
510201 510601
510601 510901
510201 510602
510202 510602
510601 510602
510602 510901
510602 510905
510104 511202
510201 511202
510202 511202
510901 511202
511101 511202
511102 511202
511201 511202
505811 511501
508101 511501
508801 511501
508804 511501
508901 511501
510201 511501
510302 511501
511501 512601
506102 511502
508801 511502
508802 511502
508901 511502
510201 511502
510202 511502
510302 511502
511501 511502
510201 511601
511601 511701
510201 511602
510202 511602
511601 511602
511602 511701
506601 506902
506902 507001
506902 511601
506902 511701
507201 507302
507201 511701
505101 507204
507201 507204
507204 511701
507201 507206
507204 507206
507206 507301
507206 511701
500301 507601
501301 507601
506601 507601
506902 507601
507601 511601
507601 511701
505401 509901
505811 509901
508501 509901
509102 509901
509701 509901
509702 509901
509901 510905
509901 511501
509901 511701
505401 509902
509901 509902
509902 511701
505201 511301
508903 511301
510602 511301
511301 511701
511301 512601
511301 512602
505404 511302
511202 511302
511301 511302
511302 511701
511302 512602
507204 511702
509901 511702
509902 511702
511302 511702
511602 511702
511701 511702
511701 511703
511702 511703
511701 511704
511702 511704
511703 511704
500301 500701
500701 500902
500701 501201
500701 507204
500701 510104
500301 500702
500502 500702
500701 500702
500702 500902
500702 501201
500702 501205
500702 508502
500901 500903
500902 500903
500901 500904
500902 500904
500903 500904
500901 500905
500902 500905
500903 500905
500904 500905
500902 501002
500502 505202
500902 505202
505201 505202
500502 511902
500902 511902
501202 511902
505811 511902
507601 511902
509901 511902
500902 512102
501301 512102
507601 512102
500301 503101
501301 503101
503101 503102
503101 507601
501301 504404
501701 504404
501702 504404
500901 510101
501301 510101
510101 510104
510101 510901
500301 512101
500901 512101
501301 512101
507601 512101
512101 512102
501301 512103
507601 512103
512101 512103
512102 512103
501304 513502
513501 513502
502101 504902
504902 508502
505301 508503
505302 508503
508501 508503
508502 508503
500701 508601
506902 508601
508501 508601
508502 508601
508601 511702
501102 508602
508502 508602
508601 508602
508501 512001
508502 512001
512901 512902
500801 500804
500801 502101
500801 508501
500801 500802
500802 500804
500802 501102
500801 500803
500802 500803
500803 500804
501702 501802
501801 501802
501701 501803
501801 501803
501802 501803
501702 501804
501801 501804
501802 501804
501803 501804
501801 501805
501802 501805
501803 501805
501804 501805
501801 501806
501802 501806
501803 501806
501804 501806
501805 501806
501801 501807
501802 501807
501803 501807
501804 501807
501805 501807
501806 501807
501801 501901
501804 501901
501901 501906
501901 505101
501901 513101
501701 502102
501702 502102
501801 502102
501906 502102
502101 502102
502102 504902
502102 505101
501801 504701
501906 504701
504701 509101
501603 501701
501603 502101
502101 502103
502102 502103
502101 502104
502102 502104
502103 502104
502101 502105
502102 502105
502103 502105
502104 502105
501701 502201
501702 502201
501901 502201
502101 502201
502201 502301
502201 502302
501901 504301
502101 504301
502102 504301
502604 504301
502101 504302
502102 504302
504301 504302
504302 504902
504302 507305
502101 505001
502102 505001
504902 505001
502101 509602
502102 509602
502004 502301
502004 502302
502004 506301
502301 502303
502302 502303
502301 502304
502302 502304
502303 502304
502301 502305
502302 502305
502303 502305
502304 502305
502301 502306
502302 502306
502303 502306
502304 502306
502305 502306
502301 502401
502302 502401
502401 509102
502301 502701
502302 502701
502401 502701
502701 504201
502701 509301
502701 509302
502102 502702
502301 502702
502701 502702
502702 509301
500802 501101
501101 501102
501101 505201
501101 506303
501101 506601
501101 508602
504404 506501
505201 506501
506501 506601
506501 506902
506501 507903
506501 512601
506501 506502
506502 506601
506502 506902
506502 506602
506601 506602
506601 506603
506602 506603
506601 506604
506602 506604
506603 506604
501701 506701
501702 506701
506501 506701
506502 506701
506601 506701
506701 506703
506701 506902
506701 507601
506701 508804
506701 511601
506501 506702
506502 506702
506601 506702
506602 506702
506701 506702
506702 506703
506702 507601
506702 507803
506702 511602
500901 506901
501201 506901
506501 506901
506601 506901
506701 506901
506901 506902
506901 507001
506901 507601
506901 512601
506601 507602
506701 507602
506702 507602
507601 507602
507602 511602
507602 511702
506601 507603
506701 507603
507601 507603
507602 507603
506601 507604
506701 507604
507601 507604
507602 507604
507603 507604
506601 509503
509302 509503
507001 507003
507002 507003
501201 501204
501202 501204
501203 501204
501204 501205
501201 501206
501202 501206
501203 501206
501204 501206
501205 501206
506501 506903
506602 506903
506701 506903
506901 506903
506902 506903
506903 507002
506903 507601
506903 508602
506903 511602
506903 511702
500301 501501
500302 501501
501201 501501
501501 501502
501501 501901
500301 503902
501201 503902
503703 503902
502701 502902
502902 504202
502902 509001
502701 504203
504201 504203
504202 504203
502701 504204
504201 504204
504202 504204
504203 504204
505201 505203
505202 505203
505201 505204
505202 505204
505203 505204
505904 507802
506301 507802
507301 507802
507802 507803
507802 507805
507802 510901
507802 510905
507802 510902
507805 510902
510302 510902
510602 510902
510901 510902
510902 510905
510902 511302
510902 511502
508501 510903
510901 510903
510902 510903
510903 510905
507803 510904
508101 510904
510302 510904
510602 510904
510901 510904
510902 510904
510903 510904
510904 510905
510904 511202
510904 511302
510904 511602
510904 511702
500301 500401
500401 500403
500401 508901
500302 500402
500401 500402
500402 500403
500401 500404
500402 500404
500403 500404
500502 512002
509902 512002
512001 512002
513501 513503
513502 513503
502401 502501
502501 502604
502501 504301
502501 509301
502501 502502
502502 502604
502502 502701
502502 509301
502501 502503
502502 502503
502503 502604
502503 502701
502503 509301
502601 502604
502601 509301
502601 509302
502601 502602
502602 502604
502601 502603
502602 502603
502603 502604
502603 504902
502601 502605
502602 502605
502603 502605
502604 502605
502601 502606
502602 502606
502603 502606
502604 502606
502605 502606
502601 502607
502602 502607
502603 502607
502604 502607
502605 502607
502606 502607
503101 503201
503102 503201
503201 503703
503201 503902
502501 503302
502502 503302
502503 503302
503101 503302
503102 503302
503201 503302
503302 503703
503302 506604
503201 503501
503302 503501
503501 503703
503501 507201
503201 503701
503302 503701
503501 503701
503701 503703
503701 509503
503201 503702
503302 503702
503701 503702
503702 503703
503702 508501
503702 509301
503702 509701
503701 503704
503702 503704
503703 503704
503701 503705
503702 503705
503703 503705
503704 503705
503701 503706
503702 503706
503703 503706
503704 503706
503705 503706
500302 508302
508302 512502
512501 512502
512501 512503
512502 512503
505801 505807
505801 505811
505801 505812
505801 508901
505801 505802
505802 505807
505802 505811
505802 505812
505801 505803
505802 505803
505803 505807
505803 505811
505803 505812
505801 505804
505802 505804
505803 505804
505804 505807
505804 505811
505804 505812
505801 505805
505802 505805
505803 505805
505804 505805
505805 505807
505805 505811
505805 505812
500701 505806
503101 505806
504902 505806
505101 505806
505801 505806
505802 505806
505803 505806
505804 505806
505805 505806
505806 505807
505806 505811
505806 505812
505806 507601
505806 507602
505806 507603
505806 507604
505806 508901
505806 510901
505801 505808
505802 505808
505803 505808
505804 505808
505805 505808
505806 505808
505807 505808
505808 505811
505808 505812
505801 505809
505802 505809
505803 505809
505804 505809
505805 505809
505806 505809
505807 505809
505808 505809
505809 505811
505809 505812
505801 505810
505802 505810
505803 505810
505804 505810
505805 505810
505806 505810
505807 505810
505808 505810
505809 505810
505810 505811
505810 505812
505811 506101
506101 506102
506101 506301
506101 506302
506101 506303
506101 508601
506101 508901
500701 511401
507802 511401
509101 511401
508202 509102
501501 510103
501802 510103
507206 510103
507503 510103
509102 510103
510101 510103
510103 510104
508101 508201
508102 508201
508201 508202
508201 509301
509301 509303
509302 509303
509301 509304
509302 509304
509303 509304
501804 505102
502102 505102
505101 505102
505102 505806
505102 509302
503701 509501
509302 509501
509501 509503
509501 509702
509501 509703
509302 509804
509501 509804
509503 509804
509703 509804
500101 505802
500101 506301
500101 507401
500101 508801
500101 510103
500101 510104
500101 511201
500101 512001
500101 500102
500102 505802
500102 506301
500102 507401
500102 508801
500102 510104
500102 512001
500101 500103
500102 500103
500103 505802
500103 507401
500103 508801
500103 510104
500103 512001
500103 512002
502701 502705
502702 502705
502705 510104
510101 510102
510102 510103
510102 510104
510101 510105
510102 510105
510103 510105
510104 510105
510101 510106
510102 510106
510103 510106
510104 510106
510105 510106
500102 510402
500103 510402
510104 510402
510202 510402
510302 510402
510402 510501
510402 511501
510402 511502
510101 512201
510102 512201
510104 512201
507803 512702
507904 512702
508302 512702
510104 512702
501901 501902
501902 501906
501902 502102
501902 502603
501902 513101
513101 513102
513101 513103
513102 513103
513101 513104
513102 513104
513103 513104
513101 513105
513102 513105
513103 513105
513104 513105
500201 500301
500201 505301
500301 500303
500302 500303
500301 508301
508301 508302
500301 508401
508301 508401
508302 508401
500201 500202
500202 500302
500302 504401
501701 504401
501702 504401
502102 504401
504401 504404
504401 504701
504401 510101
500302 508402
508302 508402
508401 508402
500601 500602
500601 500603
500602 500603
500601 500604
500602 500604
500603 500604
505301 507801
507301 507801
507401 507801
507801 507802
507801 507803
507801 507805
507801 511401
507801 511702
507801 507804
507802 507804
507803 507804
507804 507805
507804 510501
507801 507806
507802 507806
507803 507806
507804 507806
507805 507806
507801 507807
507802 507807
507803 507807
507804 507807
507805 507807
507806 507807
503201 503901
503702 503901
503901 503902
503901 509701
501502 506202
506101 506202
506102 506202
506202 506204
506202 506302
506202 509701
507301 507304
507302 507304
507304 507305
507304 509701
500101 510401
500102 510401
500103 510401
501102 510401
509701 510401
510302 510401
510401 510402
510401 510501
510401 511502
510401 512101
501701 502202
501702 502202
502102 502202
502201 502202
502202 504301
502202 504302
501701 504402
501702 504402
501901 504402
501906 504402
504401 504402
504402 504404
504402 505101
504402 505102
501603 501604
501604 501702
501603 501606
501604 501606
501606 501702
504902 504904
504904 505101
500101 500105
500102 500105
500103 500105
500105 505802
500105 507401
500105 507603
500105 507604
500105 507803
500105 508801
500105 510401
500105 510402
500105 511502
500105 512002
500102 507402
500105 507402
507401 507402
507402 507801
507402 507802
507402 507803
500103 507405
507401 507405
507402 507405
507405 507803
500105 507406
507401 507406
507402 507406
507405 507406
507406 507803
500103 507407
500105 507407
507401 507407
507402 507407
507405 507407
507406 507407
507407 507603
507407 507604
507407 507803
505301 505303
505302 505303
505601 505602
505601 505603
505602 505603
506001 506002
506002 506004
506002 506302
506001 506003
506002 506003
506003 506004
501002 501009
501009 507902
501009 507903
501009 507904
501009 507901
501101 507901
507801 507901
507901 507902
507901 507903
507901 507904
507901 507905
507902 507905
507903 507905
507904 507905
507901 507906
507902 507906
507903 507906
507904 507906
507905 507906
506702 511802
507602 511802
507902 511802
507903 511802
511802 511902
509001 509002
509001 509003
509002 509003
509001 509004
509002 509004
509003 509004
501001 501002
501001 501009
501001 501101
501001 501102
501001 511702
501101 501103
501102 501103
501101 501104
501102 501104
501103 501104
501104 511302
501101 512603
501102 512603
511301 512603
512601 512603
512602 512603
505401 505403
505402 505403
505403 505404
505403 511101
505401 505405
505402 505405
505403 505405
505404 505405
505401 505406
505402 505406
505403 505406
505404 505406
505405 505406
500101 507210
500103 507210
507201 507210
507204 507210
507206 507210
507210 507301
507301 507303
507302 507303
507303 507304
507303 507305
507201 507203
507203 507204
507203 507206
507203 507210
507203 507302
507203 507305
507201 507207
507203 507207
507204 507207
507206 507207
507207 507210
507207 507302
507207 507305
507302 513302
507305 511002
510901 511002
511002 511101
511002 511102
505801 508902
508102 508902
508801 508902
508901 508902
508902 508903
508902 512602
500103 508904
508901 508904
508902 508904
508903 508904
508901 508905
508902 508905
508903 508905
508904 508905
501501 506201
503102 506201
506201 506202
506201 506204
506201 506301
506201 506302
506201 507802
506201 509501
506201 506203
506202 506203
506203 506204
500101 500104
500102 500104
500103 500104
500104 500105
500104 505802
500104 506301
500104 507401
500104 507402
500104 507405
500104 507604
500104 508801
500104 510202
500104 510401
500104 510402
500104 512002
506301 506305
506302 506305
506303 506305
506304 506305
506301 506306
506302 506306
506303 506306
506304 506306
506305 506306
507401 507403
507402 507403
507403 507405
507403 507406
507403 507407
507401 507404
507402 507404
507403 507404
507404 507405
507404 507406
507404 507407
507401 507408
507402 507408
507403 507408
507404 507408
507405 507408
507406 507408
507407 507408
507401 507409
507402 507409
507403 507409
507404 507409
507405 507409
507406 507409
507407 507409
507408 507409
503101 503104
503102 503104
503104 503201
503104 503302
503104 503701
503104 508101
503104 508801
501906 511403
508101 511403
511401 511403
508501 513205
511001 511002
511001 511101
505401 510301
510103 510301
510301 510302
510301 510401
510301 510501
510301 511502
505401 510502
510202 510502
510301 510502
510302 510502
510402 510502
510501 510502
505401 510701
510501 510701
510502 510701
510701 511502
505401 510702
510501 510702
510502 510702
510701 510702
510702 511401
510702 511501
510702 511502
510702 511601
500701 513201
506902 513201
508901 513201
513201 513205
510501 510503
510502 510503
510501 510504
510502 510504
510503 510504
510501 510505
510502 510505
510503 510505
510504 510505
511201 511203
511202 511203
511201 511204
511202 511204
511203 511204
511201 511205
511202 511205
511203 511205
511204 511205
512601 512604
512602 512604
512603 512604
512601 512605
512602 512605
512603 512605
512604 512605
512601 512606
512602 512606
512603 512606
512604 512606
512605 512606
510301 510303
510302 510303
501901 501903
501902 501903
501903 501906
501901 501904
501902 501904
501903 501904
501904 501906
501901 501905
501902 501905
501903 501905
501904 501905
501905 501906
501906 504702
504701 504702
504702 506102
501906 509401
504301 509401
504302 509401
503101 503103
503102 503103
503103 503104
503103 503702
503103 503901
503103 508807
503101 503105
503102 503105
503103 503105
503104 503105
503101 503106
503102 503106
503103 503106
503104 503106
503105 503106
503101 503402
503102 503402
503104 503402
503302 503402
503402 503501
503102 503802
503103 503802
503302 503802
503701 503802
503702 503802
503802 503902
503102 513001
503501 513001
506101 506103
506102 506103
506101 506104
506102 506104
506103 506104
506101 506105
506102 506105
506103 506105
506104 506105
500702 513202
506102 513202
506903 513202
511902 513202
513201 513202
513202 513205
506101 513401
506102 513401
506902 513401
504606 509702
509501 509504
509503 509504
509504 509702
509702 509803
509803 509804
501603 509502
501803 509502
503701 509502
509501 509502
509502 509503
509502 509504
509502 509703
510601 510603
510602 510603
510601 510604
510602 510604
510603 510604
511501 511503
511502 511503
511501 511504
511502 511504
511503 511504
511601 511603
511602 511603
511601 511604
511602 511604
511603 511604
506901 506904
506902 506904
506903 506904
506901 506905
506902 506905
506903 506905
506904 506905
506501 511801
506502 511801
506901 511801
506902 511801
506903 511801
511801 511802
511801 512101
511801 512102
511801 512103
507201 507202
507202 507203
507202 507204
507202 507206
507202 507207
507202 507210
507201 507205
507202 507205
507203 507205
507204 507205
507205 507206
507205 507207
507205 507210
507201 507208
507202 507208
507203 507208
507204 507208
507205 507208
507206 507208
507207 507208
507208 507210
507201 507209
507202 507209
507203 507209
507204 507209
507205 507209
507206 507209
507207 507209
507208 507209
507209 507210
507201 507211
507202 507211
507203 507211
507204 507211
507205 507211
507206 507211
507207 507211
507208 507211
507209 507211
507210 507211
507201 507212
507202 507212
507203 507212
507204 507212
507205 507212
507206 507212
507207 507212
507208 507212
507209 507212
507210 507212
507211 507212
506801 506901
506801 507601
506801 507602
506801 507603
506801 507604
507601 507605
507602 507605
507603 507605
507604 507605
507601 507606
507602 507606
507603 507606
507604 507606
507605 507606
507601 508002
507602 508002
507603 508002
507604 508002
507601 512104
511801 512104
512101 512104
512102 512104
512103 512104
509901 509903
509902 509903
509901 509904
509902 509904
509903 509904
509901 509905
509902 509905
509903 509905
509904 509905
509901 510001
509902 510001
509901 511901
511801 511901
511802 511901
511901 511902
508002 508003
508003 511301
510802 511301
511301 511803
511801 511803
511802 511803
511301 512804
500701 500703
500702 500703
500701 500704
500702 500704
500703 500704
500702 511402
510701 511402
510702 511402
510904 511402
511401 511402
511402 511403
501001 501003
501002 501003
501003 501009
501001 501004
501002 501004
501003 501004
501004 501009
501001 501005
501002 501005
501003 501005
501004 501005
501005 501009
501001 501006
501002 501006
501003 501006
501004 501006
501005 501006
501006 501009
501001 501007
501002 501007
501003 501007
501004 501007
501005 501007
501006 501007
501007 501009
501001 501008
501002 501008
501003 501008
501004 501008
501005 501008
501006 501008
501007 501008
501008 501009
511901 511903
511902 511903
511901 511904
511902 511904
511903 511904
511901 511905
511902 511905
511903 511905
511904 511905
511901 511906
511902 511906
511903 511906
511904 511906
511905 511906
512101 512105
512102 512105
512103 512105
512104 512105
512101 512106
512102 512106
512103 512106
512104 512106
512105 512106
512101 512107
512102 512107
512103 512107
512104 512107
512105 512107
512106 512107
512101 512108
512102 512108
512103 512108
512104 512108
512105 512108
512106 512108
512107 512108
512101 512109
512102 512109
512103 512109
512104 512109
512105 512109
512106 512109
512107 512109
512108 512109
512101 512110
512102 512110
512103 512110
512104 512110
512105 512110
512106 512110
512107 512110
512108 512110
512109 512110
512101 512111
512102 512111
512103 512111
512104 512111
512105 512111
512106 512111
512107 512111
512108 512111
512109 512111
512110 512111
503101 503301
503103 503301
503301 503302
503301 503501
503301 503802
502102 504501
502201 504501
503101 504501
504301 504501
504402 504501
504501 504701
504301 504403
504302 504403
504401 504403
504402 504403
504403 504404
504403 504702
504401 504405
504402 504405
504403 504405
504404 504405
504401 504406
504402 504406
504403 504406
504404 504406
504405 504406
502003 502004
502003 502102
502003 504501
502003 504902
502802 502902
502802 504902
504801 504902
504801 509502
501901 504901
502102 504901
502802 504901
504301 504901
504302 504901
504801 504901
504901 504902
504901 504904
504901 505001
504901 505806
504901 509401
504901 504903
504902 504903
504903 504904
504901 504905
504902 504905
504903 504905
504904 504905
508601 508603
508602 508603
508601 508604
508602 508604
508603 508604
500103 512003
500105 512003
512001 512003
512002 512003
512001 512004
512002 512004
512003 512004
512001 512005
512002 512005
512003 512005
512004 512005
512001 512006
512002 512006
512003 512006
512004 512006
512005 512006
501603 502901
501803 502901
502004 502901
502401 502901
502701 502901
502901 502902
502901 506701
501901 504601
501902 504601
504601 504606
501901 504703
504401 504703
504501 504703
504701 504703
504702 504703
504703 505001
502003 504502
502102 504502
502201 504502
504302 504502
504501 504502
504502 504702
504501 504602
504502 504602
504601 504602
504602 504606
504602 504701
504602 504703
504403 504704
504502 504704
504701 504704
504702 504704
504703 504704
504704 509602
504701 504705
504702 504705
504703 504705
504704 504705
504701 504706
504702 504706
504703 504706
504704 504706
504705 504706
504302 509406
504701 509406
504702 509406
504703 509406
509401 509406
501601 501603
501601 501604
501601 501606
501601 504501
501601 501602
501602 501603
501602 501604
501602 501606
501602 504502
501601 501605
501602 501605
501603 501605
501604 501605
501605 501606
502201 502203
502202 502203
502201 502204
502202 502204
502203 502204
502201 502205
502202 502205
502203 502205
502204 502205
504301 504303
504302 504303
504301 509404
504302 509404
504704 509404
509401 509404
509404 509406
505001 505002
505001 505003
505002 505003
505001 505004
505002 505004
505003 505004
509601 509602
506502 509603
509601 509603
509602 509603
506701 509604
509601 509604
509602 509604
509603 509604
509601 509605
509602 509605
509603 509605
509604 509605
509601 509606
509602 509606
509603 509606
509604 509606
509605 509606
509601 509607
509602 509607
509603 509607
509604 509607
509605 509607
509606 509607
509601 509608
509602 509608
509603 509608
509604 509608
509605 509608
509606 509608
509607 509608
502001 502003
502001 502004
502001 502002
502002 502003
502002 502004
502001 502005
502002 502005
502003 502005
502004 502005
502001 502006
502002 502006
502003 502006
502004 502006
502005 502006
502001 502007
502002 502007
502003 502007
502004 502007
502005 502007
502006 502007
502001 502008
502002 502008
502003 502008
502004 502008
502005 502008
502006 502008
502007 502008
502401 502402
502402 502502
502402 502503
502401 502403
502402 502403
502401 502404
502402 502404
502403 502404
502401 502405
502402 502405
502403 502405
502404 502405
502701 502703
502702 502703
502703 502705
502701 502704
502702 502704
502703 502704
502704 502705
502701 502706
502702 502706
502703 502706
502704 502706
502705 502706
502701 502707
502702 502707
502703 502707
502704 502707
502705 502707
502706 502707
502501 504001
502701 504001
503901 504001
502702 503403
503402 503403
502702 513003
513001 513003
501101 508001
508001 508002
508001 508003
506501 506503
506502 506503
506501 506504
506502 506504
506503 506504
506702 506802
506801 506802
503301 503801
503302 503801
503701 503801
503801 503802
503801 503902
503801 504501
503801 509501
503801 509502
503801 509503
509501 509505
509502 509505
509503 509505
509504 509505
509501 509506
509502 509506
509503 509506
509504 509506
509505 509506
506903 513402
510902 513402
513401 513402
501501 509801
509801 509803
509801 509804
503601 503901
503601 503902
503901 503903
503902 503903
503901 503904
503902 503904
503903 503904
503901 503905
503902 503905
503903 503905
503904 503905
503901 503906
503902 503906
503903 503906
503904 503906
503905 503906
503901 503907
503902 503907
503903 503907
503904 503907
503905 503907
503906 503907
502901 502903
502902 502903
502901 502904
502902 502904
502903 502904
502901 502905
502902 502905
502903 502905
502904 502905
502901 503001
502902 503001
502501 502504
502502 502504
502503 502504
502501 502505
502502 502505
502503 502505
502504 502505
503201 503202
503202 503301
503201 503203
503202 503203
503301 503303
503302 503303
503301 503304
503302 503304
503303 503304
503103 503401
503301 503401
503401 503402
503401 503403
503401 503702
507801 512701
508301 512701
508302 512701
512701 512702
511401 511404
511402 511404
511403 511404
511401 511405
511402 511405
511403 511405
511404 511405
511401 511406
511402 511406
511403 511406
511404 511406
511405 511406
508201 508203
508202 508203
508201 508204
508202 508204
508203 508204
509201 509501
509201 509203
509203 509501
509801 509802
509802 509803
509802 509804
509801 509805
509802 509805
509803 509805
509804 509805
500101 500106
500102 500106
500103 500106
500104 500106
500105 500106
500101 507101
500102 507101
500103 507101
500104 507101
500105 507101
500102 507102
500103 507102
500104 507102
500105 507102
507101 507102
507102 510402
500102 507104
500103 507104
500104 507104
500105 507104
507101 507104
507102 507104
507104 510402
500102 510403
510401 510403
510402 510403
510403 510701
510401 510404
510402 510404
510403 510404
510401 510405
510402 510405
510403 510405
510404 510405
510401 510406
510402 510406
510403 510406
510404 510406
510405 510406
512701 512703
512702 512703
501902 504002
504001 504002
500201 500203
500202 500203
500201 500204
500202 500204
500203 500204
508301 512801
512801 512804
508401 508403
508402 508403
511801 511804
511802 511804
511803 511804
513301 513302
513301 513303
513302 513303
513301 513304
513302 513304
513303 513304
511001 511003
511002 511003
511001 511004
511002 511004
511003 511004
513201 513203
513202 513203
513203 513205
513201 513204
513202 513204
513203 513204
513204 513205
509401 509402
509402 509404
509402 509406
509401 509403
509402 509403
509403 509404
509403 509406
509401 509405
509402 509405
509403 509405
509404 509405
509405 509406
503401 503404
503402 503404
503403 503404
503401 503405
503402 503405
503403 503405
503404 503405
503801 503803
503802 503803
503801 503804
503802 503804
503803 503804
503801 503805
503802 503805
503803 503805
503804 503805
503801 503806
503802 503806
503803 503806
503804 503806
503805 503806
503801 503807
503802 503807
503803 503807
503804 503807
503805 503807
503806 503807
513001 513002
513002 513003
513001 513004
513002 513004
513003 513004
513001 513005
513002 513005
513003 513005
513004 513005
513401 513403
513402 513403
513401 513404
513402 513404
513403 513404
504601 504603
504602 504603
504603 504606
504601 504604
504602 504604
504603 504604
504604 504606
504601 504605
504602 504605
504603 504605
504604 504605
504605 504606
504601 504607
504602 504607
504603 504607
504604 504607
504605 504607
504606 504607
504501 504503
504502 504503
504503 504703
504503 509502
506801 506803
506802 506803
506801 506804
506802 506804
506803 506804
510001 510002
510801 510802
510801 510803
510802 510803
510801 510804
510802 510804
510803 510804
512801 512802
512802 512804
512801 512803
512802 512803
512803 512804
512801 512805
512802 512805
512803 512805
512804 512805
512801 512806
512802 512806
512803 512806
512804 512806
512805 512806
512801 512807
512802 512807
512803 512807
512804 512807
512805 512807
512806 512807
512801 512808
512802 512808
512803 512808
512804 512808
512805 512808
512806 512808
512807 512808
512801 512809
512802 512809
512803 512809
512804 512809
512805 512809
512806 512809
512807 512809
512808 512809
512801 512810
512802 512810
512803 512810
512804 512810
512805 512810
512806 512810
512807 512810
512808 512810
512809 512810
502801 502802
502801 502901
504801 504802
504001 504003
504002 504003
504001 504004
504002 504004
504003 504004
503601 503602
503601 503603
503602 503603
503001 503002
503001 503003
503002 503003
503001 503004
503002 503004
503003 503004
503001 503005
503002 503005
503003 503005
503004 503005
509201 509202
509202 509203
509201 509204
509202 509204
509203 509204
509201 509205
509202 509205
509203 509205
509204 509205
509201 509206
509202 509206
509203 509206
509204 509206
509205 509206
507101 507103
507102 507103
507103 507104