605302 605601
605601 605602
605601 605603
605602 605603
605302 605604
605601 605604
605602 605604
605603 605604
603102 605302
604901 605302
604901 604902
604902 605302
605002 605302
605301 605302
605301 605603
605301 605604
605301 605303
605302 605303
605301 605304
605302 605304
605303 605304
605301 605305
605302 605305
605303 605305
605304 605305
605302 605502
603102 608702
605301 608702
605302 608702
603102 608802
605302 608802
608702 608802
605302 609102
605502 605503
605503 605602
605503 605604
605602 608202
605602 609002
605604 609002
604901 604903
604902 604903
604903 605301
604903 605603
603601 604901
603601 605604
605502 605506
605503 605506
605506 605604
602401 603102
602401 608702
602401 608802
602401 602402
602402 603102
602402 608702
602402 608802
602401 602901
602901 603102
602901 608802
602401 602902
602402 602902
602901 602902
602902 603102
602902 608702
602902 608802
602401 603101
602901 603101
602902 603101
603101 603102
603101 605301
603101 603103
603102 603103
603101 603104
603102 603104
603103 603104
603101 603105
603102 603105
603103 603105
603104 603105
602401 608701
602402 608701
603101 608701
603102 608701
605301 608701
608701 608702
608701 608802
603101 610004
603102 610004
608701 610004
608702 610004
603801 604901
604101 604901
604502 604901
604502 604902
604502 604903
604502 605301
604502 605502
604502 605506
604801 604901
604901 604904
604902 604904
604903 604904
604901 604905
604902 604905
604903 604905
604904 604905
604901 604906
604902 604906
604903 604906
604904 604906
604905 604906
604502 605501
604901 605501
605002 605501
605501 605502
605501 605503
605501 605506
604901 605701
604101 605702
604901 605702
604902 605702
604903 605702
605701 605702
604901 606101
605702 606101
606101 608202
606101 609002
604901 607602
605002 607602
607602 608202
603101 604501
603601 604501
604501 604502
604501 604902
604501 605501
601502 605002
601502 608202
605001 605002
605001 605501
605001 605003
605002 605003
605001 608301
605002 608301
608202 608301
608301 608701
603101 609601
605002 609601
605502 609601
605506 609601
608802 609601
605301 609904
608301 609904
604502 605504
605501 605504
605502 605504
605503 605504
605504 605506
605501 605505
605502 605505
605503 605505
605504 605505
605505 605506
605501 605507
605502 605507
605503 605507
605504 605507
605505 605507
605506 605507
601202 608701
601202 608702
601202 603002
603002 603601
603002 608701
603002 608702
601202 603702
603002 603702
603601 603702
603702 608701
603702 608702
604801 608502
605501 608502
608502 608702
608502 609601
608701 608703
608702 608703
608701 608704
608702 608704
608703 608704
608701 608705
608702 608705
608703 608705
608704 608705
602401 608801
602901 608801
608701 608801
608801 608802
605503 608803
608701 608803
608801 608803
608802 608803
602402 608804
608801 608804
608802 608804
608803 608804
602402 608805
608801 608805
608802 608805
608803 608805
608804 608805
608801 608806
608802 608806
608803 608806
608804 608806
608805 608806
608801 608807
608802 608807
608803 608807
608804 608807
608805 608807
608806 608807
608802 608902
608803 608902
608902 609601
607101 607602
607101 608202
607101 608301
607101 609102
607101 607102
607102 607602
607102 608202
607102 608301
607102 609102
607101 607103
607102 607103
607103 609102
607101 607104
607102 607104
607103 607104
607104 609102
607101 607501
607102 607501
607501 608202
607501 608301
607501 609102
607101 607601
607102 607601
607501 607601
607601 607602
607601 608202
607601 608803
607601 609102
607101 607603
607102 607603
607103 607603
607104 607603
607501 607603
607601 607603
607602 607603
607603 608202
607603 609102
606101 608102
607102 608102
607601 608102
607602 608102
607603 608102
608102 608202
608102 609102
607102 608302
607603 608302
608301 608302
608302 608701
608302 609102
608302 609601
607101 609101
607102 609101
607501 609101
607601 609101
607602 609101
608302 609101
609101 609102
609101 609904
609101 609103
609102 609103
609101 609104
609102 609104
609103 609104
609102 609903
609903 609904
604101 606401
605501 606401
605503 606401
605504 606401
606101 606401
606401 608301
605503 609602
605506 609602
609601 609602
605503 609905
609903 609905
609904 609905
605503 611001
605503 611002
611001 611002
600102 608202
601501 601502
601501 608202
601501 601503
601502 601503
601503 608202
601501 601505
601502 601505
601503 601505
601505 604801
601505 607601
601505 608202
601502 602502
601503 602502
602502 608202
606002 606101
606002 608202
606902 607101
606902 607102
606902 607103
606902 607104
606902 608202
607202 607501
607202 608202
607202 608302
607202 609002
607202 607502
607501 607502
607502 607601
607502 607602
607502 607603
607502 608202
607502 608301
607502 608302
604101 608101
607601 608101
607602 608101
607603 608101
608101 608102
608101 608202
608101 608301
601501 608201
601502 608201
601503 608201
601505 608201
607602 608201
607603 608201
608101 608201
608102 608201
608201 608202
608201 608301
601505 608203
608201 608203
608202 608203
601505 608204
608201 608204
608202 608204
608203 608204
601505 608304
605001 608304
607501 608304
607502 608304
607601 608304
607602 608304
607603 608304
608102 608304
608201 608304
608202 608304
608301 608304
608302 608304
608304 608701
608304 609101
602502 608402
606902 608402
608202 608402
601505 609703
608201 609703
608202 609703
609601 609703
601503 610607
608101 610607
608102 610607
608202 610607
608402 610607
609002 610607
609601 610607
603601 607201
607201 607202
607201 607501
607201 607601
607201 607602
607201 608304
607201 609002
605501 607401
605506 607401
607401 608701
607401 609002
605501 607402
605506 607402
607401 607402
607402 608902
607402 609002
608601 609002
608601 608602
608602 609002
605701 609001
607202 609001
607401 609001
608502 609001
608803 609001
609001 609002
609001 610004
609002 611501
609002 611502
611501 611502
601501 601802
601502 601802
601503 601802
601505 601802
601802 603601
601802 604801
601802 608102
603001 603002
603001 603601
603501 603601
603501 603801
603501 605701
603501 609001
603002 603502
603501 603502
603502 603601
603502 603702
603502 609001
603502 609601
603502 603602
603601 603602
603602 609601
603601 603603
603602 603603
603603 609601
603601 606001
605501 606001
606001 606002
606001 606101
606001 608301
603601 606402
605501 606402
605504 606402
605506 606402
606101 606402
606401 606402
606402 608402
603601 608002
608002 608101
608002 608301
603601 610701
604101 610701
605701 610701
608301 610701
605402 605504
605402 605506
600101 600102
600101 602401
600101 608701
602302 602401
602401 602403
602402 602403
602401 606103
606101 606103
602401 610301
602901 602903
602902 602903
602903 609601
602901 602904
602902 602904
602903 602904
602901 603201
603201 608701
603201 610004
601303 603101
603001 604701
603101 604701
603201 604701
604701 604801
603101 610001
610001 610004
603101 610002
610001 610002
610002 610004
603101 610003
603201 610003
608701 610003
610001 610003
610002 610003
610003 610004
600101 600201
600201 605701
600201 608701
600201 610607
602502 603202
603002 603202
603201 603202
603202 603702
603202 606101
603202 608701
603202 609001
605001 608303
607501 608303
607502 608303
607602 608303
608101 608303
608301 608303
608302 608303
608303 608304
608303 608701
608303 609101
600701 601501
600701 603201
600701 610004
604601 610004
610001 610005
610002 610005
610003 610005
610004 610005
610001 610006
610002 610006
610003 610006
610004 610006
610005 610006
603502 603802
603801 603802
603502 603803
603801 603803
603802 603803
603801 603804
603802 603804
603803 603804
603801 603805
603802 603805
603803 603805
603804 603805
603801 603806
603802 603806
603803 603806
603804 603806
603805 603806
603801 603901
603901 604101
603901 605701
603801 603902
603802 603902
603901 603902
603902 604101
603902 609703
603801 609702
603901 609702
603902 609702
609601 609702
609702 609703
603801 609901
603901 609901
609101 609901
609601 609901
609901 609903
609901 609904
609901 609905
603501 609906
603801 609906
603901 609906
605701 609906
609001 609906
609702 609906
609901 609906
609903 609906
609904 609906
609905 609906
609906 610701
601501 601801
601502 601801
601503 601801
601505 601801
601801 601802
601801 604101
601801 604801
601801 605501
601801 606101
601801 607501
601801 608301
601801 609901
600201 602501
602501 602502
602501 603202
602501 604101
604101 604102
603901 604201
603902 604201
604101 604201
604201 609601
604101 604402
604402 608502
601501 604802
601502 604802
601503 604802
601505 604802
601801 604802
601802 604802
602501 604802
604101 604802
604801 604802
604802 608102
603901 610401
604101 610401
604501 604503
604502 604503
604503 609001
604501 604504
604502 604504
604503 604504
604501 604505
604502 604505
604503 604505
604504 604505
604501 604506
604502 604506
604503 604506
604504 604506
604505 604506
604501 604507
604502 604507
604503 604507
604504 604507
604505 604507
604506 604507
601901 604801
601501 601902
601502 601902
601503 601902
601505 601902
601901 601902
601902 604801
601902 608502
601501 602102
601502 602102
601505 602102
601902 602102
602102 604801
604301 604801
604301 608502
604301 604302
604302 604801
604302 604802
604301 604304
604302 604304
604304 604801
603001 604702
603002 604702
603201 604702
603202 604702
603702 604702
604601 604702
604701 604702
604702 604801
604801 604803
604802 604803
604801 608004
608002 608004
600201 608501
602501 608501
604301 608501
604402 608501
604801 608501
605501 608501
608501 608502
604801 608504
608501 608504
608502 608504
600601 601801
600601 605501
600601 610701
605501 609501
608902 609501
609501 609601
600301 600601
600301 601801
600301 602102
600301 602501
600301 602502
600301 603001
600301 603501
600301 605701
600301 605702
600301 609901
600301 610701
600201 603301
603301 605701
603301 608201
603301 608501
605701 605703
605702 605703
605701 605704
605702 605704
605703 605704
605704 608501
605701 605705
605702 605705
605703 605705
605704 605705
600301 600302
600302 602502
600302 603501
600302 603502
600302 605702
602502 602602
602602 603202
602602 606101
602602 607501
605901 606101
606101 606102
606102 606103
606101 606104
606102 606104
606103 606104
606101 606105
606102 606105
606103 606105
606104 606105
606101 606106
606102 606106
606103 606106
606104 606106
606105 606106
603602 606201
606101 606201
606102 606201
606201 606402
603602 606202
606101 606202
606201 606202
606202 606402
606202 608502
600201 600401
600401 607601
600401 607602
600401 607603
600401 608201
600401 600402
600402 607601
600402 607602
600402 607603
600401 600404
600402 600404
600404 607601
600404 607602
600404 607603
600401 600405
600402 600405
600404 600405
600405 607601
600405 607602
600405 607603
603901 606801
604201 606801
606201 606801
606801 607602
606801 608201
606102 607001
607001 607101
607001 607601
607001 607602
607001 607002
607002 607502
607002 607602
607002 608402
607601 607604
607602 607604
607603 607604
607101 609201
607601 609201
607602 609201
601401 601502
601401 602102
601401 609906
601501 601504
601502 601504
601503 601504
601504 601505
601504 601801
601504 608201
601501 601506
601502 601506
601503 601506
601504 601506
601505 601506
601501 601507
601502 601507
601503 601507
601504 601507
601505 601507
601506 601507
601501 601508
601502 601508
601503 601508
601504 601508
601505 601508
601506 601508
601507 601508
608301 608305
608302 608305
608303 608305
608304 608305
608301 608306
608302 608306
608303 608306
608304 608306
608305 608306
608301 610702
609601 610702
610701 610702
602202 608502
602202 609601
605102 609601
605201 609601
605201 610003
608601 608603
608602 608603
608603 609601
607102 609202
607103 609202
607104 609202
609201 609202
609202 609601
609303 609601
609401 609601
600302 609603
608801 609603
609601 609603
609602 609603
609601 609701
609701 609702
609701 609703
603501 609902
603802 609902
603902 609902
609101 609902
609601 609902
609702 609902
609703 609902
609901 609902
609902 609903
609902 609904
609902 609905
609902 609906
609601 611302
608001 608002
608001 608004
608001 608101
608001 608302
608001 609001
608001 609904
609901 609907
609902 609907
609903 609907
609904 609907
609905 609907
609906 609907
609901 609908
609902 609908
609903 609908
609904 609908
609905 609908
609906 609908
609907 609908
605504 606302
601201 601202
601201 603002
601201 603201
601201 603202
601201 604702
601201 601203
601202 601203
601201 603401
601202 603401
603001 603401
603002 603401
603001 603003
603002 603003
603001 603004
603002 603004
603003 603004
603002 603402
603401 603402
603402 603501
603402 603502
603402 603702
603002 606701
603002 606702
606701 606702
603701 603702
603701 603703
603702 603703
600101 600202
600102 600202
600201 600202
600202 600401
600202 602501
600202 604302
600202 608502
600202 610607
608501 608503
608502 608503
608503 608504
608501 608505
608502 608505
608503 608505
608504 608505
600701 601302
601302 601303
601302 608801
601901 608901
607402 608901
608901 608902
608901 609603
608901 608903
608902 608903
608901 608904
608902 608904
608903 608904
608901 608905
608902 608905
608903 608905
608904 608905
607101 607105
607102 607105
607103 607105
607104 607105
606801 606802
606802 607102
606802 607103
606802 607104
606802 607603
606802 608201
606802 608302
603201 606901
606901 606902
606901 607103
606901 607104
606901 608302
607001 607004
607002 607004
607004 607104
607201 607204
607202 607204
607204 607501
607204 607502
607501 607503
607502 607503
607501 607901
607901 608201
602502 608404
606902 608404
607002 608404
607603 608404
608402 608404
607603 610606
608101 610606
608102 610606
608201 610606
610606 610607
606901 606903
606902 606903
606903 608102
608101 608103
608102 608103
608101 608104
608102 608104
608103 608104
608101 610601
608102 610601
610601 610606
610601 610607
608101 610602
608102 610602
610601 610602
610602 610606
610602 610607
609901 611101
609902 611101
609903 611101
609906 611101
606401 606403
606402 606403
606401 606404
606402 606404
606403 606404
606401 606405
606402 606405
606403 606405
606404 606405
602501 608401
602502 608401
606401 608401
606801 608401
606901 608401
607001 608401
607002 608401
608401 608402
608401 608404
608401 609201
611001 611003
611002 611003
611001 611004
611002 611004
611003 611004
611001 611005
611002 611005
611003 611005
611004 611005
600101 600103
600102 600103
600101 600104
600102 600104
600103 600104
600101 600105
600102 600105
600103 600105
600104 600105
600601 602101
600701 602101
601302 602101
601303 602101
601401 602101
601501 602101
601505 602101
602101 602102
602101 608303
602101 608304
602101 609901
602101 609906
602501 602503
602502 602503
602501 602504
602502 602504
602503 602504
602501 602505
602502 602505
602503 602505
602504 602505
602501 602506
602502 602506
602503 602506
602504 602506
602505 602506
602501 602507
602502 602507
602503 602507
602504 602507
602505 602507
602506 602507
602502 608403
606302 608403
606402 608403
606901 608403
606902 608403
608401 608403
608402 608403
608403 608404
606001 606003
606002 606003
606001 606004
606002 606004
606003 606004
606001 606005
606002 606005
606003 606005
606004 606005
606001 606006
606002 606006
606003 606006
606004 606006
606005 606006
606901 606904
606902 606904
606903 606904
607201 607203
607202 607203
607203 607204
607203 607502
608101 609802
607401 611201
607402 611201
608303 611201
608304 611201
609001 611201
608401 608405
608402 608405
608403 608405
608404 608405
609701 609704
609702 609704
609703 609704
609701 609705
609702 609705
609703 609705
609704 609705
610601 610603
610602 610603
610603 610606
610603 610607
610601 610604
610602 610604
610603 610604
610604 610606
610604 610607
610601 610605
610602 610605
610603 610605
610604 610605
610605 610606
610605 610607
607401 607403
607402 607403
607401 607404
607402 607404
607403 607404
608601 608604
608602 608604
608603 608604
602602 602604
602604 609001
608001 608003
608002 608003
608003 608004
608003 609001
601801 601803
601802 601803
601801 601804
601802 601804
601803 601804
601801 601805
601802 601805
601803 601805
601804 601805
603501 603503
603502 603503
603503 603803
603501 603504
603502 603504
603503 603504
608001 608005
608002 608005
608003 608005
608004 608005
610701 610703
610702 610703
610701 610704
610702 610704
610703 610704
605401 605402
605401 605403
605402 605403
605401 605404
605402 605404
605403 605404
605401 605405
605402 605405
605403 605405
605404 605405
602301 602302
610301 610302
610301 610303
610302 610303
610301 610304
610302 610304
610303 610304
602501 602601
602601 602602
602601 602604
602601 603201
602601 604701
602501 602603
602601 602603
602602 602603
602603 602604
602603 603201
603201 603203
603202 603203
600701 601301
601301 601302
601301 601303
601301 601801
601301 602101
601301 602102
600701 601304
601301 601304
601302 601304
601303 601304
601304 601801
601304 604702
601301 601601
601302 601601
601303 601601
601304 601601
601301 610801
601302 610801
601303 610801
601301 610901
601302 610901
601303 610901
601302 604703
603202 604703
604701 604703
604702 604703
604703 607901
602603 604002
604002 610003
607302 610003
600201 600501
600301 600501
600405 600501
600501 600601
600501 605703
600501 606701
600201 600502
600202 600502
600501 600502
600502 600601
600502 601801
600502 603301
600502 602802
602802 603202
603202 603302
603301 603302
600701 600702
600701 600703
600702 600703
600701 601002
600702 601002
600701 601006
600702 601006
601002 601006
604601 604602
604601 604603
604602 604603
604601 604604
604602 604604
604603 604604
603901 603903
603902 603903
603901 603904
603902 603904
603903 603904
603901 604401
604401 604402
603901 610501
601302 604001
603902 604001
604001 604002
603902 610502
610501 610502
600301 600602
600302 600602
600502 600602
600601 600602
600602 601801
604401 604403
604402 604403
602701 604802
610401 610402
601901 601903
601902 601903
601901 601904
601902 601904
601903 601904
601301 602003
601302 602003
602003 602101
602003 602102
602101 602103
602102 602103
604301 604303
604302 604303
604303 604304
608501 611401
600501 600603
600601 600603
600602 600603
600601 600901
609501 609502
600301 600303
600302 600303
600301 600304
600302 600304
600303 600304
600301 600305
600302 600305
600303 600305
600304 600305
600301 600306
600302 600306
600303 600306
600304 600306
600305 600306
600202 603303
603301 603303
603302 603303
603301 603304
603302 603304
603303 603304
603301 603305
603302 603305
603303 603305
603304 603305
606102 607902
607901 607902
606201 606203
606202 606203
600401 600403
600402 600403
600403 600404
600403 600405
600401 600406
600402 600406
600403 600406
600404 600406
600405 600406
606801 606803
606802 606803
606801 606804
606802 606804
606803 606804
607001 607003
607002 607003
607003 607004
607001 607005
607002 607005
607003 607005
607004 607005
609201 609203
609202 609203
609201 609204
609202 609204
609203 609204
601401 601402
601401 601403
601402 601403
602201 602202
605101 605102
605101 605103
605102 605103
609301 609303
609301 609302
609302 609303
609301 609304
609302 609304
609303 609304
609301 609305
609302 609305
609303 609305
609304 609305
609401 609402
611301 611302
611301 611303
611302 611303
611301 611304
611302 611304
611303 611304
611301 611305
611302 611305
611303 611305
611304 611305
606301 606302
606301 606303
606302 606303
606301 606304
606302 606304
606303 606304
606301 606305
606302 606305
606303 606305
606304 606305
603401 603403
603402 603403
603401 603404
603402 603404
603403 603404
606701 606703
606702 606703
606701 606704
606702 606704
606703 606704
607901 607903
607902 607903
607901 607904
607902 607904
607903 607904
607901 607905
607902 607905
607903 607905
607904 607905
609801 609802
609801 609803
609802 609803
609801 609804
609802 609804
609803 609804
609801 609805
609802 609805
609803 609805
609804 609805
601601 601602
601601 601603
601602 601603
601601 601604
601602 601604
601603 601604
601601 601605
601602 601605
601603 601605
601604 601605
601601 601606
601602 601606
601603 601606
601604 601606
601605 601606
610801 610802
610901 610902
604703 607701
604001 604003
604002 604003
604001 604004
604002 604004
604003 604004
607301 607302
607301 607303
607302 607303
600501 600503
600502 600503
600501 600504
600502 600504
600503 600504
600502 600902
600602 600902
600901 600902
602801 602802
602801 602803
602802 602803
600702 601001
601001 601002
601001 601006
601001 601003
601002 601003
601003 601006
601001 601004
601002 601004
601003 601004
601004 601006
601001 601005
601002 601005
601003 601005
601004 601005
601005 601006
601001 601007
601002 601007
601003 601007
601004 601007
601005 601007
601006 601007
601001 601008
601002 601008
601003 601008
601004 601008
601005 601008
601006 601008
601007 601008
601001 601103
601002 601103
601006 601103
601001 601104
601006 601104
601103 601104
602701 602702
602701 602703
602702 602703
602701 602704
602702 602704
602703 602704
602001 602003
602001 602002
602002 602003
602001 602004
602002 602004
602003 602004
611401 611402
611401 611403
611402 611403
601101 601103
601101 601104
601101 601102
601102 601103
601102 601104
601101 601105
601102 601105
601103 601105
601104 601105
601101 601106
601102 601106
601103 601106
601104 601106
601105 601106
601101 601107
601102 601107
601103 601107
601104 601107
601105 601107
601106 601107