705801 714201
714201 714202
714201 714203
714202 714203
705801 714204
714201 714204
714202 714204
714203 714204
714201 714205
714202 714205
714203 714205
714204 714205
714201 714206
714202 714206
714203 714206
714204 714206
714205 714206
704802 705801
705701 705801
705701 705703
705703 705801
704802 705802
705801 705802
705801 705803
705802 705803
705801 705804
705802 705804
705803 705804
705801 705805
705802 705805
705803 705805
705804 705805
705801 705806
705802 705806
705803 705806
705804 705806
705805 705806
705801 705807
705802 705807
705803 705807
705804 705807
705805 705807
705806 705807
705801 705808
705802 705808
705803 705808
705804 705808
705805 705808
705806 705808
705807 705808
705801 706101
705802 706101
705804 706101
705801 706201
706101 706201
705801 706301
705802 706301
705804 706301
705801 706401
706201 706401
706301 706401
701901 714203
712302 714203
703902 704802
703902 706401
704002 704802
704301 704802
704301 704302
704302 704802
704302 704502
704502 704802
704502 705703
704502 704506
704506 704802
704002 704702
704302 704702
704502 704702
704702 704802
704301 704801
704702 704801
704801 704802
704801 706201
704801 704803
704802 704803
704801 704804
704802 704804
704803 704804
704802 705302
703902 705402
704002 705402
704802 705402
704801 705704
704802 705704
705701 705704
705703 705704
705704 705802
705704 705805
704801 707202
704802 707202
700301 705701
700301 706201
700301 700302
700302 705701
700302 706201
700301 700304
700302 700304
700304 705701
705701 705702
705702 705703
705702 705704
705702 706301
705701 705705
705702 705705
705703 705705
705704 705705
705705 706401
705701 705706
705702 705706
705703 705706
705704 705706
705705 705706
705701 705707
705702 705707
705703 705707
705704 705707
705705 705707
705706 705707
705701 705708
705702 705708
705703 705708
705704 705708
705705 705708
705706 705708
705707 705708
705701 705709
705702 705709
705703 705709
705704 705709
705705 705709
705706 705709
705707 705709
705708 705709
705701 705710
705702 705710
705703 705710
705704 705710
705705 705710
705706 705710
705707 705710
705708 705710
705709 705710
705802 706102
705805 706102
706101 706102
705802 706202
705804 706202
706101 706202
706102 706202
706201 706202
705702 706302
705802 706302
705805 706302
706301 706302
700101 700301
700101 700302
700101 705803
705804 706501
705805 706501
706301 706501
706302 706501
706401 706501
705804 706502
706302 706502
706501 706502
703602 703902
703602 705805
703602 706302
703310 705402
703310 706101
703310 706201
703602 703901
703901 703902
703901 704002
703901 704801
703901 706101
703901 706401
703901 704001
704001 704002
704001 706101
700304 706001
706001 706101
706101 706103
706102 706103
706101 706104
706102 706104
706103 706104
706101 707707
703303 703310
703303 706201
703303 706401
704801 706203
706201 706203
706202 706203
706102 706204
706201 706204
706202 706204
706203 706204
706201 706205
706202 706205
706203 706205
706204 706205
706201 706206
706202 706206
706203 706206
706204 706206
706205 706206
703303 706402
703602 706402
703901 706402
703902 706402
705705 706402
705706 706402
706201 706402
706202 706402
706204 706402
706302 706402
706401 706402
700101 712101
706201 712101
706201 712403
712302 712403
703301 703303
703301 703310
703301 706301
703301 706401
703301 703302
703302 703303
703302 703310
703302 703901
703302 704001
703302 705709
703302 706301
703302 706401
703302 706402
703302 704101
703901 704101
704001 704101
704101 706301
704101 706302
706301 706303
706302 706303
706301 706304
706302 706304
706303 706304
706301 706305
706302 706305
706303 706305
706304 706305
700304 706306
706301 706306
706302 706306
706303 706306
706304 706306
706305 706306
702401 706401
703301 703305
703302 703305
703303 703305
703305 703310
703305 703901
703305 704001
703305 704801
703305 705402
703305 706203
703305 706401
703305 706402
703305 712403
703301 703306
703302 703306
703303 703306
703305 703306
703306 703310
703306 703902
703306 705402
703306 706401
703306 706402
703301 705601
703302 705601
703303 705601
703305 705601
703306 705601
703310 705601
703602 705601
705402 705601
705601 706401
705601 706402
703305 705602
704801 705602
705601 705602
705602 706401
705602 706402
706401 706403
706402 706403
701801 701901
701901 701902
701901 701903
701902 701903
701901 702501
702501 703302
702501 703305
702501 703306
701901 703502
701901 703803
701901 707201
707201 707202
701901 708001
703302 708001
705705 708001
707707 708001
701901 711504
703302 711504
701901 712802
701902 712802
710001 712302
710001 712403
710105 712302
711101 712302
711101 711102
711102 712302
711202 712302
701801 712301
711101 712301
711202 712301
712301 712302
712301 712403
712301 712303
712302 712303
712301 712304
712302 712304
712303 712304
712304 712403
712301 712305
712302 712305
712303 712305
712304 712305
710001 712401
710105 712401
712301 712401
712302 712401
712401 712403
712302 712402
712401 712402
712402 712403
711202 712407
712302 712407
712401 712407
712402 712407
712403 712407
712302 712408
712401 712408
712402 712408
712403 712408
712407 712408
703302 712501
703305 712501
704301 712501
710001 712501
710105 712501
711504 712501
712301 712501
712302 712501
712401 712501
712402 712501
712403 712501
712407 712501
712408 712501
703401 703901
703401 703902
703401 706001
703602 703603
703603 703902
703603 705601
703901 703903
703902 703903
703901 703904
703902 703904
703903 703904
703901 703905
703902 703905
703903 703905
703904 703905
703901 703906
703902 703906
703903 703906
703904 703906
703905 703906
703306 704102
703901 704102
703902 704102
704001 704102
704002 704102
704101 704102
704102 706302
703902 709402
706302 709402
701902 711904
703902 711904
706402 711904
710001 711904
710105 711904
711504 711904
711904 712501
704001 704003
704002 704003
704001 704004
704002 704004
704003 704004
701301 704301
701301 704201
703302 704201
704201 704301
704201 704302
704201 708001
704201 712101
704201 712501
704201 704303
704301 704303
704302 704303
704201 704304
704301 704304
704302 704304
704303 704304
704301 704305
704302 704305
704303 704305
704304 704305
704501 704502
704501 704506
704501 704801
704501 704503
704502 704503
704503 704506
704501 704504
704502 704504
704503 704504
704504 704506
704501 704505
704502 704505
704503 704505
704504 704505
704505 704506
704505 704801
704501 704701
704502 704701
704701 704702
704701 704801
704701 707201
704701 704703
704702 704703
704701 704704
704702 704704
704703 704704
704701 704705
704702 704705
704703 704705
704704 704705
704701 704706
704702 704706
704703 704706
704704 704706
704705 704706
703306 705102
704702 705102
704702 707008
700101 704901
704501 704901
704701 704901
704801 704901
704901 706302
703302 709604
703303 709604
703305 709604
703306 709604
703310 709604
703401 709604
704101 709604
704801 709604
707707 709604
704801 710602
703305 713901
704801 713901
703306 705301
703310 705301
705301 705302
705301 705402
705301 705303
705302 705303
705301 705304
705302 705304
705303 705304
703301 705604
703303 705604
703305 705604
703306 705604
703310 705604
703603 705604
705302 705604
705402 705604
705601 705604
705602 705604
705604 706202
702204 703302
702204 703303
702204 703306
702204 705402
702204 705601
702204 705704
702204 709604
702901 705402
703301 703312
703302 703312
703303 703312
703305 703312
703306 703312
703310 703312
703312 705402
702901 705401
703302 705401
703303 705401
703305 705401
703306 705401
703310 705401
703312 705401
705301 705401
705401 705402
705401 705601
705401 705604
705401 711504
705401 705403
705402 705403
705401 705404
705402 705404
705403 705404
704201 707101
706203 707101
707101 707201
707101 707202
703901 707102
704201 707102
707101 707102
707102 707202
707201 707203
707202 707203
707201 707204
707202 707204
707203 707204
700101 700201
700201 700301
700201 700302
700201 712101
700101 700204
700201 700204
700204 700301
700204 700302
700204 712101
700101 700303
700201 700303
700301 700303
700302 700303
700303 700304
700303 704201
700303 706203
700303 710001
700303 713901
700301 700305
700302 700305
700303 700305
700304 700305
700301 700306
700302 700306
700303 700306
700304 700306
700305 700306
700301 705501
700303 705501
703305 705501
703306 705501
705301 705501
705501 705601
705501 705602
705501 705604
705501 706501
705501 706502
700301 709801
700303 709801
700306 709801
704201 709801
709801 712402
709801 712501
700101 700102
700102 700201
700102 700204
700102 700302
700102 700304
700102 704901
700102 712101
700101 700202
700102 700202
700201 700202
700202 700204
700202 700302
700202 700303
700202 700304
700202 712101
700302 705502
700304 705502
703303 705502
703310 705502
703602 705502
705501 705502
705502 705601
705502 706402
705502 706502
705502 711904
700302 709802
700304 709802
702204 709802
709801 709802
700102 711302
705702 711302
711302 712407
711302 712501
703401 707602
705705 707602
707201 707602
707602 709402
703501 703502
703501 705709
703501 706502
706102 708901
708901 712407
706302 709403
709402 709403
700101 700103
700102 700103
700101 700104
700102 700104
700103 700104
700104 700204
700101 700203
700201 700203
700202 700203
700203 700204
700101 700401
700201 700401
700202 700401
700204 700401
700401 711904
700401 712101
700401 712501
700101 700402
700102 700402
700401 700402
700101 704902
704901 704902
700101 709705
703602 709705
700101 711203
700401 711203
711202 711203
711203 711504
700101 711702
700401 711702
711702 712101
711702 712403
700101 712102
700102 712102
700201 712102
700202 712102
700401 712102
712101 712102
700101 712902
712402 712902
706501 708801
703302 703601
703502 703601
703601 703602
703601 703603
703601 704001
703601 704101
703601 706402
703601 707602
703601 709705
703601 703604
703602 703604
703603 703604
703601 703605
703602 703605
703603 703605
703604 703605
703602 703702
703702 703901
703702 704001
703702 704101
703602 707407
703302 711501
703601 711501
703602 711501
705401 711501
710105 711501
711302 711501
711501 711504
711501 712101
711501 712501
702305 703303
702305 703306
702305 703310
702602 703303
702602 703310
703301 703304
703302 703304
703303 703304
703304 703305
703304 703306
703304 703310
703304 703312
703301 703307
703302 703307
703303 703307
703304 703307
703305 703307
703306 703307
703307 703310
703307 703312
703301 703308
703302 703308
703303 703308
703304 703308
703305 703308
703306 703308
703307 703308
703308 703310
703308 703312
703301 703309
703302 703309
703303 703309
703304 703309
703305 703309
703306 703309
703307 703309
703308 703309
703309 703310
703309 703312
703309 705401
703309 705601
703309 709604
703309 713901
703301 703311
703302 703311
703303 703311
703304 703311
703305 703311
703306 703311
703307 703311
703308 703311
703309 703311
703310 703311
703311 703312
703303 705902
703310 705902
705902 709402
703303 707007
703310 707007
704102 707007
707007 707008
707007 707102
702204 709605
703303 709605
703306 709605
703310 709605
703502 709605
709604 709605
703303 710202
703310 710202
705601 710202
710001 710202
703303 713304
703310 713304
703302 703701
703501 703701
703601 703701
703701 703702
703701 703901
703701 704001
703701 704101
703302 707901
703601 707901
703701 707901
703901 707901
704201 707901
707201 707901
707901 708801
707901 708901
707901 712902
703701 707902
703901 707902
704201 707902
707201 707902
707901 707902
707902 708801
707902 708901
707902 709802
703701 707903
703901 707903
707201 707903
707901 707903
707902 707903
707903 708901
703601 709401
703901 709401
707101 709401
707707 709401
709401 709402
709401 709403
709401 709604
709401 711302
700401 711903
703901 711903
705602 711903
709604 711903
710001 711903
711903 711904
711903 712501
702304 702305
702304 703302
702304 704001
702304 707707
702304 709403
703302 708601
704001 708601
704201 708601
708601 708801
704901 706002
706001 706002
702204 707701
702501 707701
707101 707701
707701 707707
707701 709604
707701 709605
705601 707702
707102 707702
707602 707702
707701 707702
707702 707707
702204 707703
707701 707703
707702 707703
707703 707707
707703 708001
702304 707704
707007 707704
707602 707704
707701 707704
707702 707704
707703 707704
707704 707707
707704 708001
707704 709401
707704 709402
707704 709403
707701 707705
707702 707705
707703 707705
707704 707705
707705 707707
707701 707706
707702 707706
707703 707706
707704 707706
707705 707706
707706 707707
702304 707708
707007 707708
707602 707708
707701 707708
707702 707708
707703 707708
707704 707708
707705 707708
707706 707708
707707 707708
707708 708001
707708 709401
707708 709402
707708 711202
707701 707709
707702 707709
707703 707709
707704 707709
707705 707709
707706 707709
707707 707709
707708 707709
707602 707801
707702 707801
707703 707801
707704 707801
707707 707801
707801 708001
707801 709403
707702 708002
707704 708002
707707 708002
707708 708002
707801 708002
708001 708002
703302 706703
703303 706703
703305 706703
706402 706703
706703 707702
706703 709802
703303 709501
703502 709501
707102 709501
709401 709501
709402 709501
709403 709501
709501 709605
709501 712102
702204 709607
702305 709607
703303 709607
703306 709607
709604 709607
709605 709607
703303 710008
710001 710008
703303 713204
701301 711001
711001 712101
711001 712501
711001 711002
711002 712101
711002 712402
700204 712103
712101 712103
712102 712103
712101 712104
712102 712104
712103 712104
712101 713001
712102 713001
711302 713002
712101 713002
712102 713002
713001 713002
700401 713102
712101 713102
712102 713102
711903 713201
712101 713201
713201 713204
711904 713202
712101 713202
712102 713202
713201 713202
713202 713204
701205 712403
701704 712403
710001 710002
710002 710008
710002 710202
710002 712401
710002 712403
710504 712403
710504 712501
710504 713002
711407 712403
711801 712301
711801 712401
711801 712403
711801 712501
710001 712404
711801 712404
712401 712404
712402 712404
712403 712404
712404 712407
712404 712408
712404 712501
712401 712405
712402 712405
712403 712405
712404 712405
712405 712407
712405 712408
712401 712406
712402 712406
712403 712406
712404 712406
712405 712406
712406 712407
712406 712408
711801 712602
711903 712602
712301 712602
712401 712602
712402 712602
712403 712602
712501 712602
702401 702801
702801 702901
702801 703301
703301 705201
703301 707401
706703 707401
707401 707407
703301 710201
703302 710201
703305 710201
710001 710201
710201 710202
710201 711501
703301 710301
703302 710301
703305 710301
710201 710301
710202 710301
710301 712501
703301 711902
703305 711902
710105 711902
711102 711902
711302 711902
711702 711902
711801 711902
711902 711903
711902 711904
711902 712102
711902 712501
711902 713202
700202 700801
700402 700801
700801 701301
700801 703302
700801 711904
700801 713201
701301 701401
701401 703302
701301 701601
701401 701601
701601 701801
701601 702801
701601 703302
701601 704701
701601 710201
701601 710202
701601 711501
701601 711504
701601 712501
701301 701602
701401 701602
701601 701602
701602 701801
701602 701903
701602 702304
701602 703302
701602 710202
701602 710602
701602 711501
701602 711504
701602 712501
702201 702204
702201 703302
702201 705602
702201 707701
702201 707702
702201 707703
702201 709604
702201 709605
702201 709607
702201 702202
702202 702204
702202 703302
702202 707702
702801 702803
702803 703302
703302 703704
703603 703704
703701 703704
703702 703704
703704 705601
703704 705604
703704 706303
703704 711001
700401 711502
700402 711502
701601 711502
701602 711502
703302 711502
705201 711502
705401 711502
709604 711502
709801 711502
711202 711502
711501 711502
711502 711504
711502 712501
711502 713001
700801 711901
703302 711901
709801 711901
710001 711901
711702 711901
711901 711902
711901 711903
711901 711904
703302 711906
705401 711906
705602 711906
710002 711906
711101 711906
711702 711906
711801 711906
711901 711906
711902 711906
711903 711906
711904 711906
711906 712501
703302 712001
710001 712001
710002 712001
711801 712001
711901 712001
711902 712001
711903 712001
711904 712001
711906 712001
712001 712102
712001 712402
712001 712501
712001 713102
712001 713201
712001 713202
703302 712002
710001 712002
710002 712002
711801 712002
711901 712002
711902 712002
711903 712002
711906 712002
712001 712002
712002 712402
712002 712407
712002 713102
712002 713201
712002 713202
704101 704103
704102 704103
704101 704104
704102 704104
704103 704104
702401 702402
701601 702601
702304 702601
702401 702601
702601 702602
702601 702801
702601 704201
702601 709401
702201 709601
702204 709601
702401 709601
703305 709601
703306 709601
704201 709601
707602 709601
707701 709601
707703 709601
707901 709601
709501 709601
709601 709604
709601 709605
709601 709607
702803 703104
703104 703305
703104 705604
703104 711903
703305 706702
706702 706703
706702 707401
706702 707702
706702 707703
706702 709402
706702 709705
706702 709801
706702 711702
702201 709603
702204 709603
703305 709603
703306 709603
707701 709603
709501 709603
709601 709603
709603 709604
709603 709605
709603 709607
702202 709606
702204 709606
702304 709606
703305 709606
703306 709606
705602 709606
707701 709606
709501 709606
709601 709606
709603 709606
709604 709606
709605 709606
709606 709607
700303 709804
700306 709804
703305 709804
707901 709804
709801 709804
709802 709804
702304 702603
702601 702603
702602 702603
702603 702801
702603 702803
702603 703306
702603 704201
705601 705603
705602 705603
705603 705604
705601 705605
705602 705605
705603 705605
705604 705605
703309 707601
703401 707601
705602 707601
707201 707601
707601 707602
707601 708001
707601 709401
707601 709801
707601 713901
701602 701802
701801 701802
701801 701803
701802 701803
701801 701804
701802 701804
701803 701804
701801 701805
701802 701805
701803 701805
701804 701805
701801 701806
701802 701806
701803 701806
701804 701806
701805 701806
701801 701807
701802 701807
701803 701807
701804 701807
701805 701807
701806 701807
700201 700601
700401 700601
700601 700801
700601 701601
700601 701902
700601 711903
700601 711906
700402 700802
700601 700802
700801 700802
700802 701902
701902 702002
702002 702204
702002 712301
702204 702502
702501 702502
702502 702803
702501 702503
702502 702503
702501 702504
702502 702504
702503 702504
702501 702505
702502 702505
702503 702505
702504 702505
702501 702506
702502 702506
702503 702506
702504 702506
702505 702506
703501 703503
703502 703503
703503 707703
703501 703504
703502 703504
703503 703504
703501 713801
703502 713801
703501 713802
703502 713802
707602 713802
707704 713802
713801 713802
703501 714401
703502 714401
703502 714402
714401 714402
703401 703801
703701 703801
703702 703801
703704 703801
703801 703803
703801 707901
703801 707902
703801 709402
703702 703802
703704 703802
703801 703802
703802 703803
703802 709402
703704 703804
703801 703804
703802 703804
703803 703804
703201 707601
703201 707602
703201 708001
703401 703402
703402 703603
703402 703801
703402 705201
703402 707704
703402 707708
703402 707801
703402 708001
703402 708002
705201 705203
705203 708001
706702 707403
707401 707403
707403 707407
707403 708001
707403 711302
708001 708003
708002 708003
708001 708004
708002 708004
708003 708004
703309 708307
708001 708307
708001 709101
709101 709401
709101 709402
709101 709403
708001 709102
708002 709102
709101 709102
709102 709402
709102 709403
701203 701205
701203 711504
701401 701603
701601 701603
701602 701603
701603 701802
701603 711501
701603 711502
701603 711504
701603 711906
701603 712404
701603 712501
701401 701604
701601 701604
701602 701604
701603 701604
701604 701802
701604 701804
701604 701805
701604 707708
701604 710202
701604 711501
701604 711502
701604 711504
701604 712404
701604 701703
701703 701704
701703 711302
701703 711504
710504 711201
711201 711202
711201 711203
711201 711302
711201 711504
711201 712002
711201 713001
711201 713002
701602 711401
711302 711401
711401 711407
711401 711501
711401 711502
711401 711504
711401 712001
701601 711402
701602 711402
711401 711402
711402 711407
711402 711501
711402 711502
711402 711504
711402 712002
700401 711404
700402 711404
701603 711404
701604 711404
711401 711404
711402 711404
711404 711407
711404 711501
711404 711502
711404 711504
711404 712002
711401 711406
711402 711406
711404 711406
711406 711407
711406 711501
711406 711502
711406 711504
701604 711503
711501 711503
711502 711503
711503 711504
711501 711505
711502 711505
711503 711505
711504 711505
711401 711506
711404 711506
711406 711506
711501 711506
711502 711506
711503 711506
711504 711506
711505 711506
711501 712901
711504 712901
712501 712901
712602 712901
712901 712902
701603 712801
712602 712801
712801 712802
712801 712803
712802 712803
710001 710003
710002 710003
710003 710008
710003 712001
710003 712002
710003 712102
710003 712301
710003 712401
710001 710004
710002 710004
710003 710004
710004 710008
710004 712001
710004 712402
710004 712408
710001 710005
710002 710005
710003 710005
710004 710005
710005 710008
710005 712102
710001 710006
710002 710006
710003 710006
710004 710006
710005 710006
710006 710008
710001 710007
710002 710007
710003 710007
710004 710007
710005 710007
710006 710007
710007 710008
710001 710009
710002 710009
710003 710009
710004 710009
710005 710009
710006 710009
710007 710009
710008 710009
710009 711502
710009 711904
703903 710101
710001 710101
710101 710105
710101 710201
710101 710202
710101 710301
710101 711501
710101 712501
710101 713102
700801 711905
700802 711905
707902 711905
710001 711905
710002 711905
710105 711905
711102 711905
711901 711905
711902 711905
711903 711905
711904 711905
711905 711906
711905 712001
711905 712002
711905 713201
710101 710102
710102 710105
710102 710201
710102 710301
710102 711801
710102 712401
710101 710103
710102 710103
710103 710105
710101 710104
710102 710104
710103 710104
710104 710105
701301 710601
710101 710601
710102 710601
710105 710601
710201 710601
710202 710601
710504 710601
710601 710602
710601 712001
710101 710701
710102 710701
710105 710701
710201 710701
710202 710701
710301 710701
710701 711302
710701 711906
710701 712001
710101 710801
710102 710801
710105 710801
710201 710801
710202 710801
710301 710801
710601 710801
710701 710801
710801 711801
711101 711103
711102 711103
711101 711104
711102 711104
711103 711104
701601 711301
701602 711301
701603 711301
709401 711301
710009 711301
710504 711301
710601 711301
711001 711301
711101 711301
711102 711301
711201 711301
711301 711302
711301 711401
711301 711801
711301 712501
700201 711701
700802 711701
701603 711701
710002 711701
711102 711701
711202 711701
711701 711702
711701 711801
711701 711901
711701 711903
711701 711904
711701 711906
711701 712001
711701 712002
711701 712402
711701 712406
711701 712501
711701 713102
711701 713201
711202 711703
711402 711703
711701 711703
711702 711703
711703 712001
711703 712002
711703 712303
711703 713102
711703 713202
702001 702002
702001 710301
702001 711901
702001 712301
703601 709302
704201 709302
708801 709302
709101 709302
709302 709601
709302 709604
709302 709801
709302 712301
708601 709303
708801 709303
709302 709303
709303 709801
709303 709802
709303 712301
709303 712407
711703 712601
711801 712601
712301 712601
712401 712601
712404 712601
712407 712601
712501 712601
712601 712602
712601 712901
710101 710302
710201 710302
710301 710302
710302 710701
710302 710801
710302 712401
710302 712501
710601 710603
710602 710603
710603 712401
710603 712404
701602 712502
711703 712502
711904 712502
711905 712502
712001 712502
712401 712502
712402 712502
712404 712502
712407 712502
712408 712502
712501 712502
705201 705202
705202 705203
705202 712402
711301 711802
711701 711802
711703 711802
711801 711802
711802 711902
711802 712402
711802 712501
711802 713001
711802 713002
712402 712702
712408 712702
710701 710704
710704 712407
712404 712603
712407 712603
712601 712603
712602 712603
712407 712604
712501 712604
712601 712604
712602 712604
712603 712604
702001 702101
702002 702101
702101 702201
702101 702304
702101 702305
702101 703201
702101 703312
702101 704201
702101 707101
702101 712501
702101 713202
704901 707001
707001 707007
707001 707008
707001 707101
707001 707102
707001 707901
707001 707902
707001 707903
707001 712501
701601 711403
701602 711403
701603 711403
711302 711403
711401 711403
711402 711403
711403 711404
711403 711406
711403 711407
711403 711501
711403 711502
711403 711506
711403 712501
711403 712601
712501 712503
712502 712503
712501 712504
712502 712504
712503 712504
703603 714001
702601 702701
702603 702701
702701 709401
702701 709402
704602 709401
704602 709402
704602 709403
705901 705902
705901 709401
705901 709402
705502 706701
706701 706702
706701 706703
706701 707401
706701 707602
706701 707703
706701 707704
706701 707708
706701 707901
706701 707902
706701 709401
706701 709402
708101 709401
708101 709402
708101 709804
702304 709202
707704 709202
708101 709202
708801 709202
709101 709202
709102 709202
709202 709302
709202 709303
709202 709402
709202 709403
709202 709801
709202 709802
702304 709404
703402 709404
704602 709404
705901 709404
707602 709404
707704 709404
709401 709404
709402 709404
709403 709404
709401 709405
709402 709405
709403 709405
709404 709405
709401 709406
709402 709406
709403 709406
709404 709406
709405 709406
701004 711703
701004 711903
701004 711904
701004 711905
710902 711301
710902 711401
710902 711402
710902 711403
710902 711404
710902 711406
710902 711903
710902 711904
710902 711905
700802 711601
701301 711601
711601 711701
711601 711703
711601 711903
711601 711904
711601 711905
711601 711906
711601 712002
711703 711907
711901 711907
711902 711907
711903 711907
711904 711907
711905 711907
711906 711907
711901 711908
711902 711908
711903 711908
711904 711908
711905 711908
711906 711908
711907 711908
711904 712005
711906 712005
712001 712005
712002 712005
711904 712006
711905 712006
712001 712006
712002 712006
712005 712006
707708 714102
711903 714102
711904 714102
700601 701201
700801 701201
701201 701203
701201 701205
701201 701301
701201 701401
701201 701601
701201 701603
701201 701704
701201 707101
701201 711905
700801 701302
701201 701302
701203 701302
701301 701302
701302 701401
701301 701303
701302 701303
701301 701304
701302 701304
701303 701304
700601 701701
701201 701701
701301 701701
701302 701701
701603 701701
701701 701703
701701 701704
701701 704201
701701 709302
701302 701403
701401 701403
701403 701603
701403 704201
701403 711501
701601 701702
701701 701702
701702 701703
701702 701704
701702 704201
702101 702301
702301 702304
702301 702305
702301 702803
702301 704201
702301 707704
702301 707708
702301 709302
702301 709401
702301 709404
702301 711701
702101 703003
703003 704201
703003 708601
703003 708801
703104 703109
703109 704201
704201 704202
704201 704203
704202 704203
700303 705101
704701 705101
705101 705102
705101 705103
705102 705103
705101 705104
705102 705104
705103 705104
703704 707002
704901 707002
707001 707002
707002 707007
707002 707008
707002 707101
707002 707102
707001 707003
707002 707003
707003 707007
707003 707008
707001 707004
707002 707004
707003 707004
707004 707007
707004 707008
707001 707005
707002 707005
707003 707005
707004 707005
707005 707007
707005 707008
707005 711902
702101 707006
707001 707006
707002 707006
707003 707006
707004 707006
707005 707006
707006 707007
707006 707008
707006 707102
707001 707009
707002 707009
707003 707009
707004 707009
707005 707009
707006 707009
707007 707009
707008 707009
704601 704602
704601 704901
704601 707601
704601 709401
700801 705001
704901 705001
705001 707701
704901 705002
705001 705002
705002 707102
709601 709602
709602 709603
709602 709604
709602 709605
709602 709606
709602 709607
709601 709608
709602 709608
709603 709608
709604 709608
709605 709608
709606 709608
709607 709608
709601 709609
709602 709609
709603 709609
709604 709609
709605 709609
709606 709609
709607 709609
709608 709609
702101 714605
708801 714605
709202 714605
709302 714605
709303 714605
709601 714605
709604 714605
710601 710604
710602 710604
710603 710604
710604 711703
710604 711906
710601 710605
710602 710605
710603 710605
710604 710605
710601 710606
710602 710606
710603 710606
710604 710606
710605 710606
713901 713902
702201 702203
702202 702203
702203 702204
702201 702205
702202 702205
702203 702205
702204 702205
702901 702902
702901 702903
702902 702903
702901 702904
702902 702904
702903 702904
703312 708702
707702 708702
707703 708702
707901 708702
708702 708801
708702 709102
708702 709202
708702 709303
708702 709606
700601 701202
700801 701202
700802 701202
701201 701202
701202 701203
701202 701205
701202 701302
701202 701401
701202 701601
701202 701701
701202 707101
707101 707103
707102 707103
701604 707104
707101 707104
707102 707104
707103 707104
706702 707501
706703 707501
707101 707501
707501 708801
707501 711903
700201 700205
700202 700205
700203 700205
700204 700205
700201 700206
700202 700206
700203 700206
700204 700206
700205 700206
700204 713104
711703 713104
712102 713104
713102 713104
700303 709803
702201 709803
709801 709803
709802 709803
709803 709804
705501 705503
705502 705503
705501 705504
705502 705504
705503 705504
705501 705505
705502 705505
705503 705505
705504 705505
701701 709201
702304 709201
707901 709201
708601 709201
708702 709201
708801 709201
709101 709201
709201 709202
709201 709302
709201 709303
709201 709601
709201 709801
709201 711001
709201 714605
702301 709805
709202 709805
709303 709805
709801 709805
709802 709805
709803 709805
709804 709805
709601 709901
709801 709901
709802 709901
709804 709901
708702 708802
708801 708802
708802 709102
708802 709202
708802 709302
708802 709303
708802 709802
708802 713201
710202 710501
710501 710504
710501 710601
710501 711201
710501 711302
710501 711502
710501 713001
710501 713002
711301 711303
711302 711303
711301 711304
711302 711304
711303 711304
710501 712701
711302 712701
712602 712701
712701 712702
703201 703202
703202 707602
706701 706802
706702 706802
706703 706802
706802 707602
707601 707603
707602 707603
707601 707604
707602 707604
707603 707604
703101 703104
703101 703109
703101 703501
703101 711901
703003 708602
708601 708602
708602 708702
708602 708802
708602 708901
708602 709202
708602 709303
703702 708902
708602 708902
708702 708902
708802 708902
708901 708902
708902 709202
708901 708903
708902 708903
703402 709001
709001 709303
709001 709403
709101 709107
709102 709107
709107 709403
709107 709404
700401 700403
700402 700403
700401 700404
700402 700404
700403 700404
700401 700405
700402 700405
700403 700405
700404 700405
700401 700406
700402 700406
700403 700406
700404 700406
700405 700406
700406 700601
700401 700701
700402 700701
700601 700701
700701 700801
700701 700802
700701 701202
700701 711901
700401 701003
701003 701004
701003 701202
701003 711901
701003 711903
700402 700501
700501 700802
700402 700602
700601 700602
700602 700701
700602 700801
700602 710902
700602 711801
700602 711906
700602 711907
700602 713202
700402 700702
700701 700702
700702 700801
700702 700802
700702 711905
709701 709705
709701 709702
709702 709705
709701 709703
709702 709703
709703 709705
709701 709704
709702 709704
709703 709704
709704 709705
709701 709706
709702 709706
709703 709706
709704 709706
709705 709706
709701 709707
709702 709707
709703 709707
709704 709707
709705 709707
709706 709707
709701 709708
709702 709708
709703 709708
709704 709708
709705 709708
709706 709708
709707 709708
701703 710503
710102 710503
710202 710503
710501 710503
710503 710504
710503 710601
710503 710603
710503 710604
710503 710801
710503 711201
710503 711701
710503 711702
710503 712601
710503 712701
710503 713002
711701 711704
711702 711704
711703 711704
711704 711902
712102 713003
713001 713003
713002 713003
711701 713502
712102 713502
712901 712903
712902 712903
712901 712904
712902 712904
712903 712904
712901 712905
712902 712905
712903 712905
712904 712905
707104 708701
707702 708701
707703 708701
707901 708701
707902 708701
708601 708701
708602 708701
708701 708702
708701 708801
708701 709201
708701 709202
708701 709302
708701 709303
708701 713201
703402 708803
708801 708803
708802 708803
708801 708804
708802 708804
708803 708804
708804 709404
708801 708805
708802 708805
708803 708805
708804 708805
708601 709203
708701 709203
708801 709203
708803 709203
709102 709203
709107 709203
709201 709203
709202 709203
709203 709302
709203 709805
702301 709301
703201 709301
703601 709301
708701 709301
708801 709301
708802 709301
709101 709301
709201 709301
709202 709301
709301 709302
709301 709303
709301 714605
708801 713301
713301 713304
708801 713701
703601 713303
710301 713303
710302 713303
711903 713303
713301 713303
713303 713304
703701 703703
703702 703703
703703 703704
703701 703705
703702 703705
703703 703705
703704 703705
703702 714302
703702 714303
707702 714303
714302 714303
706701 707402
706702 707402
706703 707402
707401 707402
707402 707403
707402 707407
707401 707404
707402 707404
707403 707404
707404 707407
707404 707903
707401 707405
707402 707405
707403 707405
707404 707405
707405 707407
707401 707406
707402 707406
707403 707406
707404 707406
707405 707406
707406 707407
707401 707408
707402 707408
707403 707408
707404 707408
707405 707408
707406 707408
707407 707408
701401 701404
701403 701404
701404 711501
701601 711405
701603 711405
711401 711405
711402 711405
711403 711405
711404 711405
711405 711406
711405 711407
711405 711501
711405 711502
711405 712601
702301 702302
702302 702304
702302 702305
702302 711902
702302 711906
702301 702303
702302 702303
702303 702304
702303 702305
702301 702306
702302 702306
702303 702306
702304 702306
702305 702306
702301 702307
702302 702307
702303 702307
702304 702307
702305 702307
702306 702307
702601 702604
702602 702604
702603 702604
702601 702605
702602 702605
702603 702605
702604 702605
702605 711906
702601 702606
702602 702606
702603 702606
702604 702606
702605 702606
705901 705903
705902 705903
705901 705904
705902 705904
705903 705904
710101 710203
710201 710203
710202 710203
710201 710204
710202 710204
710203 710204
713301 713302
713302 713303
713302 713304
713301 713305
713302 713305
713303 713305
713304 713305
713301 713306
713302 713306
713303 713306
713304 713306
713305 713306
713301 713307
713302 713307
713303 713307
713304 713307
713305 713307
713306 713307
713301 713308
713302 713308
713303 713308
713304 713308
713305 713308
713306 713308
713307 713308
713301 713309
713302 713309
713303 713309
713304 713309
713305 713309
713306 713309
713307 713309
713308 713309
713301 713310
713302 713310
713303 713310
713304 713310
713305 713310
713306 713310
713307 713310
713308 713310
713309 713310
713301 713311
713302 713311
713303 713311
713304 713311
713305 713311
713306 713311
713307 713311
713308 713311
713309 713311
713310 713311
706901 707901
706901 707902
707901 708501
708501 708602
708501 709202
708501 709203
708501 709301
708501 709302
701102 707902
702101 713601
709401 713601
700801 701001
701001 701003
701001 701004
701001 701201
701001 711903
701001 711906
701001 701002
701002 701003
701002 701004
701002 711903
701002 711906
701001 701005
701002 701005
701003 701005
701004 701005
701005 711901
701005 711903
711301 711804
711801 711804
711802 711804
711804 711903
711901 712004
711902 712004
711903 712004
711905 712004
712001 712004
712002 712004
712004 712005
712004 712006
708101 708103
708103 708601
708601 708603
708602 708603
708601 708604
708602 708604
708603 708604
706703 707502
707501 707502
707502 707703
707708 713501
713501 713502
707801 707802
707801 707803
707802 707803
708002 708102
708101 708102
708102 708103
708102 709202
708102 709303
702101 706601
706601 706701
706601 706702
706601 706703
706601 707401
706601 707501
706601 706602
706602 706701
706602 706702
706602 706703
706602 707401
706602 707402
706602 707501
706701 706704
706702 706704
706703 706704
706701 706705
706702 706705
706703 706705
706704 706705
702201 709502
709501 709502
709502 709606
709501 709503
709502 709503
709501 709504
709502 709504
709503 709504
709501 709505
709502 709505
709503 709505
709504 709505
705001 705003
705002 705003
705003 709606
705003 709607
713201 713203
713202 713203
713203 713204
713201 713205
713202 713205
713203 713205
713204 713205
713201 713206
713202 713206
713203 713206
713204 713206
713205 713206
711001 711003
711002 711003
713001 713004
713002 713004
713003 713004
711701 713103
711703 713103
712002 713103
713001 713103
713002 713103
713102 713103
713103 713104
713101 713102
713101 713103
713101 713104
713101 713105
713102 713105
713103 713105
713104 713105
713101 713106
713102 713106
713103 713106
713104 713106
713105 713106
701201 701204
701202 701204
701203 701204
701204 701205
701701 701705
701702 701705
701703 701705
701704 701705
710401 710501
710401 710503
710401 710504
710401 710801
710201 710502
710401 710502
710501 710502
710502 710503
710502 710504
710502 710601
710502 711201
710502 711502
710502 711506
710502 712701
710501 710505
710502 710505
710503 710505
710504 710505
710501 710506
710502 710506
710503 710506
710504 710506
710505 710506
710501 710507
710502 710507
710503 710507
710504 710507
710505 710507
710506 710507
701602 710901
710503 710901
710504 710901
710901 710902
710901 711301
710901 711902
711401 711408
711402 711408
711403 711408
711404 711408
711405 711408
711406 711408
711407 711408
711408 711701
711401 711409
711402 711409
711403 711409
711404 711409
711405 711409
711406 711409
711407 711409
711408 711409
711401 711410
711402 711410
711403 711410
711404 711410
711405 711410
711406 711410
711407 711410
711408 711410
711409 711410
711401 711411
711402 711411
711403 711411
711404 711411
711405 711411
711406 711411
711407 711411
711408 711411
711409 711411
711410 711411
710101 710802
710301 710802
710401 710802
710503 710802
710601 710802
710701 710802
710801 710802
710802 711801
711801 711803
711802 711803
711803 711804
711801 711805
711802 711805
711803 711805
711804 711805
700801 700803
700802 700803
700803 703704
700803 712404
700802 700901
700901 712404
702801 702802
702802 702803
702801 702804
702802 702804
702803 702804
702801 702805
702802 702805
702803 702805
702804 702805
702801 702806
702802 702806
702803 702806
702804 702806
702805 702806
705201 705204
705202 705204
705203 705204
703704 705205
705201 705205
705202 705205
705203 705205
705204 705205
710301 710303
710302 710303
710301 710304
710302 710304
710303 710304
710301 710305
710302 710305
710303 710305
710304 710305
710301 710306
710302 710306
710303 710306
710304 710306
710305 710306
700801 700804
700802 700804
700803 700804
700801 706801
700802 706801
706702 706801
706801 706802
701202 701402
701401 701402
701402 701403
701402 701404
701402 701602
701402 711703
701401 701405
701402 701405
701403 701405
701404 701405
701601 701605
701602 701605
701603 701605
701604 701605
701602 710702
710701 710702
710702 710704
702803 714002
714001 714002
700802 701501
701501 711502
701501 711905
700701 700705
700702 700705
700705 711906
711601 711602
711602 711701
711602 711703
711602 711906
711602 712001
711602 712002
711701 712007
711703 712007
711906 712007
712001 712007
712002 712007
712004 712007
712005 712007
712006 712007
712001 712003
712002 712003
712003 712004
712003 712005
712003 712006
712003 712007
703101 703102
703102 703104
703102 703109
703101 703103
703102 703103
703103 703104
703103 703109
703101 703105
703102 703105
703103 703105
703104 703105
703105 703109
703101 703106
703102 703106
703103 703106
703104 703106
703105 703106
703106 703109
703101 703107
703102 703107
703103 703107
703104 703107
703105 703107
703106 703107
703107 703109
703101 703108
703102 703108
703103 703108
703104 703108
703105 703108
703106 703108
703107 703108
703108 703109
703101 703110
703102 703110
703103 703110
703104 703110
703105 703110
703106 703110
703107 703110
703108 703110
703109 703110
703003 703006
703006 706702
702603 702702
702701 702702
700601 700603
700602 700603
700601 700604
700602 700604
700603 700604
702001 702003
702002 702003
702001 702004
702002 702004
702003 702004
702004 710503
713801 713803
713802 713803
713801 713804
713802 713804
713803 713804
714401 714403
714402 714403
714401 714404
714402 714404
714403 714404
703201 703203
703202 703203
703201 703204
703202 703204
703203 703204
708301 708307
708301 708302
708302 708307
708301 708303
708302 708303
708303 708307
708301 708304
708302 708304
708303 708304
708304 708307
708301 708305
708302 708305
708303 708305
708304 708305
708305 708307
708301 708306
708302 708306
708303 708306
708304 708306
708305 708306
708306 708307
708301 708308
708302 708308
708303 708308
708304 708308
708305 708308
708306 708308
708307 708308
708308 709302
708301 708309
708302 708309
708303 708309
708304 708309
708305 708309
708306 708309
708307 708309
708308 708309
708701 709103
709101 709103
709102 709103
709103 709107
709103 709203
708802 709104
709101 709104
709102 709104
709103 709104
709104 709107
709104 709303
709101 709105
709102 709105
709103 709105
709104 709105
709105 709107
709101 709106
709102 709106
709103 709106
709104 709106
709105 709106
709106 709107
709101 709108
709102 709108
709103 709108
709104 709108
709105 709108
709106 709108
709107 709108
709101 709109
709102 709109
709103 709109
709104 709109
709105 709109
709106 709109
709107 709109
709108 709109
709101 709110
709102 709110
709103 709110
709104 709110
709105 709110
709106 709110
709107 709110
709108 709110
709109 709110
710101 710703
710701 710703
710702 710703
710703 710704
710701 710705
710702 710705
710703 710705
710704 710705
710701 710706
710702 710706
710703 710706
710704 710706
710705 710706
710701 710707
710702 710707
710703 710707
710704 710707
710705 710707
710706 710707
710701 710708
710702 710708
710703 710708
710704 710708
710705 710708
710706 710708
710707 710708
710801 710803
710802 710803
710801 710804
710802 710804
710803 710804
711601 711603
711602 711603
711603 711701
708201 708802
708201 709201
708201 709301
708201 709302
708701 709304
709301 709304
709302 709304
709303 709304
709301 709305
709302 709305
709303 709305
709304 709305
702101 702102
702102 702302
702102 703202
702102 709303
702102 713601
708501 708502
708502 708802
708502 709303
712701 712703
712702 712703
712701 712704
712702 712704
712703 712704
712701 712705
712702 712705
712703 712705
712704 712705
712701 712706
712702 712706
712703 712706
712704 712706
712705 712706
702101 702103
702102 702103
702103 709202
702103 709203
702101 702104
702102 702104
702103 702104
702101 702105
702102 702105
702103 702105
702104 702105
714001 714003
714002 714003
714001 714004
714002 714004
714003 714004
702701 702703
702702 702703
702701 702704
702702 702704
702703 702704
702701 702705
702702 702705
702703 702705
702704 702705
704601 704603
704602 704603
704601 704604
704602 704604
704603 704604
709201 709204
709202 709204
709203 709204
709404 714502
710901 710903
710902 710903
710901 710904
710902 710904
710903 710904
711601 711604
711602 711604
711603 711604
714101 714102
714101 714103
714102 714103
714101 714104
714102 714104
714103 714104
703001 703003
703001 703006
703001 708602
703001 703002
703002 703003
703002 703006
703001 703004
703002 703004
703003 703004
703004 703006
703001 703005
703002 703005
703003 703005
703004 703005
703005 703006
705001 705004
705002 705004
705003 705004
705001 705005
705002 705005
705003 705005
705004 705005
714601 714605
714601 714602
714602 714605
714601 714603
714602 714603
714603 714605
714601 714604
714602 714604
714603 714604
714604 714605
708701 708703
708702 708703
708701 708704
708702 708704
708703 708704
707501 707503
707502 707503
709901 709902
709901 709903
709902 709903
709901 709904
709902 709904
709903 709904
709901 709905
709902 709905
709903 709905
709904 709905
706801 706803
706802 706803
706801 706804
706802 706804
706803 706804
706801 706805
706802 706805
706803 706805
706804 706805
706801 706806
706802 706806
706803 706806
706804 706806
706805 706806
706801 706807
706802 706807
706803 706807
706804 706807
706805 706807
706806 706807
706801 706808
706802 706808
706803 706808
706804 706808
706805 706808
706806 706808
706807 706808
709001 709002
709001 709003
709002 709003
700701 700703
700702 700703
700703 700705
700701 700704
700702 700704
700703 700704
700704 700705
700501 700502
700501 700503
700502 700503
700602 700902
700901 700902
713501 713503
713502 713503
713501 713504
713502 713504
713503 713504
708201 708205
708205 708701
708201 708202
708202 708205
708202 709203
708401 709301
713701 713702
713701 713703
713702 713703
713701 713704
713702 713704
713703 713704
714301 714302
714301 714303
714301 714304
714302 714304
714303 714304
714301 714305
714302 714305
714303 714305
714304 714305
706901 706902
706901 706903
706902 706903
706901 706904
706902 706904
706903 706904
708501 708503
708502 708503
708501 708504
708502 708504
708503 708504
701101 701102
701101 701103
701102 701103
701101 701104
701102 701104
701103 701104
713601 713602
713601 713603
713602 713603
713601 713604
713602 713604
713603 713604
706601 706603
706602 706603
706601 706604
706602 706604
706603 706604
710401 710402
710401 710403
710402 710403
710401 710404
710402 710404
710403 710404
710401 710405
710402 710405
710403 710405
710404 710405
710401 710406
710402 710406
710403 710406
710404 710406
710405 710406
710401 710407
710402 710407
710403 710407
710404 710407
710405 710407
710406 710407
700901 700903
700902 700903
700901 700904
700902 700904
700903 700904
700901 700905
700902 700905
700903 700905
700904 700905
701501 701502
701501 701503
701502 701503
701501 701504
701502 701504
701503 701504
708201 708203
708202 708203
708203 708205
708201 708204
708202 708204
708203 708204
708204 708205
714501 714502
708401 708402
708401 708403
708402 708403
708401 708404
708402 708404
708403 708404