805402 807506
807501 807506
807501 807502
807502 807506
807501 807503
807502 807503
807503 807506
807501 807504
807502 807504
807503 807504
807504 807506
807501 807505
807502 807505
807503 807505
807504 807505
807505 807506
802502 805402
804801 805402
804801 804802
804802 805402
804801 805101
805101 805402
804801 805102
804802 805102
805101 805102
805102 805402
805102 807502
805101 805301
805301 805402
805301 807501
805101 805302
805102 805302
805301 805302
805302 805402
805302 807501
805302 807502
802502 805401
804801 805401
805101 805401
805301 805401
805401 805402
805401 805403
805402 805403
805401 805404
805402 805404
805403 805404
805102 805405
805401 805405
805402 805405
805403 805405
805404 805405
804802 805504
805402 805504
805402 806203
802502 807402
805302 807402
805402 807402
801603 805401
801603 807501
802501 802502
802501 807501
802501 807502
802501 802508
802502 802508
802508 807501
802508 807502
801603 802513
802501 802513
802502 802513
802508 802513
802513 804801
802513 807501
802501 802517
802502 802517
802508 802517
802513 802517
802517 807501
804801 805001
805001 805101
805001 805301
805001 805401
805001 807501
805001 807502
802501 807608
802513 807608
805301 807608
805401 807608
807501 807608
807502 807608
802501 808001
805301 808001
807501 808001
802403 802501
802403 802513
802403 805101
802403 805301
802403 807502
802501 802511
802502 802511
802508 802511
802511 802513
802511 802517
802511 804802
802511 807502
802501 802512
802502 802512
802508 802512
802511 802512
802512 802513
802512 802517
802512 804802
802512 807502
802403 802602
802508 802602
802602 805102
802602 807402
802602 807502
801101 802501
801101 802502
801101 802511
801101 802512
801101 802513
801101 802517
801101 805405
801101 807505
805401 806201
806201 806203
806201 807505
800107 802501
800107 802502
801101 801102
801102 802502
801102 801402
801402 802403
801402 802502
801402 808001
801602 801603
801602 802502
802501 802503
802502 802503
802503 802508
802503 802511
802503 802512
802503 802513
802503 802517
801101 802504
801402 802504
802501 802504
802502 802504
802503 802504
802504 802508
802504 802511
802504 802512
802504 802513
802504 802517
802504 802602
802501 802505
802502 802505
802503 802505
802504 802505
802505 802508
802505 802511
802505 802512
802505 802513
802505 802517
802501 802506
802502 802506
802503 802506
802504 802506
802505 802506
802506 802508
802506 802511
802506 802512
802506 802513
802506 802517
801101 802507
802501 802507
802502 802507
802503 802507
802504 802507
802505 802507
802506 802507
802507 802508
802507 802511
802507 802512
802507 802513
802507 802517
802501 802509
802502 802509
802503 802509
802504 802509
802505 802509
802506 802509
802507 802509
802508 802509
802509 802511
802509 802512
802509 802513
802509 802517
802501 802510
802502 802510
802503 802510
802504 802510
802505 802510
802506 802510
802507 802510
802508 802510
802509 802510
802510 802511
802510 802512
802510 802513
802510 802517
801101 802514
801102 802514
801402 802514
802501 802514
802502 802514
802503 802514
802504 802514
802505 802514
802506 802514
802507 802514
802508 802514
802509 802514
802510 802514
802511 802514
802512 802514
802513 802514
802514 802517
802501 802515
802502 802515
802503 802515
802504 802515
802505 802515
802506 802515
802507 802515
802508 802515
802509 802515
802510 802515
802511 802515
802512 802515
802513 802515
802514 802515
802515 802517
802501 802516
802502 802516
802503 802516
802504 802516
802505 802516
802506 802516
802507 802516
802508 802516
802509 802516
802510 802516
802511 802516
802512 802516
802513 802516
802514 802516
802515 802516
802516 802517
801101 802518
801402 802518
802501 802518
802502 802518
802503 802518
802504 802518
802505 802518
802506 802518
802507 802518
802508 802518
802509 802518
802510 802518
802511 802518
802512 802518
802513 802518
802514 802518
802515 802518
802516 802518
802517 802518
802518 805102
802501 802519
802502 802519
802503 802519
802504 802519
802505 802519
802506 802519
802507 802519
802508 802519
802509 802519
802510 802519
802511 802519
802512 802519
802513 802519
802514 802519
802515 802519
802516 802519
802517 802519
802518 802519
802501 802520
802502 802520
802503 802520
802504 802520
802505 802520
802506 802520
802507 802520
802508 802520
802509 802520
802510 802520
802511 802520
802512 802520
802513 802520
802514 802520
802515 802520
802516 802520
802517 802520
802518 802520
802519 802520
802502 804105
802502 806002
802502 807609
802511 807609
802512 807609
802514 807609
807608 807609
801901 802403
801901 802507
801901 802517
801901 804801
803701 804801
802602 804102
804102 804105
804102 804801
804102 804802
804102 804202
804202 804801
804202 804802
804202 807402
802602 804303
804303 804801
804303 805101
804303 805301
802504 804501
804501 804801
804501 804802
804501 805102
804501 805302
804501 807402
804501 804601
804601 804801
804601 804802
804501 804701
804701 804801
804501 804702
804701 804702
804702 804801
804702 805101
804702 805403
804702 805405
804702 807402
804801 804803
804802 804803
804801 804804
804802 804804
804803 804804
804801 805503
805401 805503
805503 805504
803902 804102
803902 804802
802602 804304
804102 804304
804202 804304
804303 804304
804304 804802
804601 804602
804602 804802
804602 805102
801102 804703
804501 804703
804701 804703
804702 804703
804703 804802
804703 805102
804703 807402
804702 805002
804703 805002
804802 805002
805001 805002
804802 805005
805001 805005
805002 805005
804802 805501
805501 805503
805501 805504
804802 808202
801901 802003
802003 805101
802302 805101
802403 802601
802504 802601
802507 802601
802511 802601
802512 802601
802513 802601
802514 802601
802517 802601
802518 802601
802601 802602
802601 803701
802601 804102
802601 804202
802601 804303
802601 804601
802601 805101
802601 807402
803501 805101
802601 804101
802602 804101
804101 804102
804101 804105
804101 804202
804101 804601
804101 804701
804101 805101
805101 805103
805102 805103
805101 805104
805102 805104
805103 805104
802510 805506
805101 805506
805501 805506
805503 805506
805504 805506
805101 806401
805401 806401
805503 806401
806401 808001
801901 803205
803205 805102
805002 805702
805102 805702
805702 806203
805102 806301
805702 806301
806201 806301
806203 806301
802501 807401
804701 807401
804702 807401
804703 807401
805102 807401
807401 807402
801402 801502
801502 801603
801502 802601
801502 805301
803501 803502
803502 804703
803502 805301
804402 805301
804402 805302
805301 805303
805302 805303
805301 805304
805302 805304
805303 805304
805203 805302
804202 807602
805302 807602
807602 807608
807602 807609
801302 801502
801302 802507
801302 805401
801302 801305
801305 801502
801305 802501
801305 802517
801305 804702
801305 804703
801305 805401
801305 805702
801305 806201
801305 805701
805001 805701
805401 805701
805701 805702
805701 806201
805701 806401
802501 807301
805401 807301
805401 807302
807301 807302
805401 807303
807301 807303
807302 807303
805501 805502
805502 805503
805502 805504
805502 805506
805501 805505
805502 805505
805503 805505
805504 805505
805505 805506
805501 805507
805502 805507
805503 805507
805504 805507
805505 805507
805506 805507
805602 805702
805602 806201
805602 806203
805602 806301
801402 805802
804304 805802
805602 805802
805702 805802
805802 806201
805802 806203
805802 806301
805602 806202
805701 806202
805702 806202
806201 806202
806202 806203
806202 806301
806201 806204
806202 806204
806203 806204
806201 806205
806202 806205
806203 806205
806204 806205
806201 806206
806202 806206
806203 806206
806204 806206
806205 806206
806201 806207
806202 806207
806203 806207
806204 806207
806205 806207
806206 806207
804101 804103
804102 804103
804103 804105
804103 807402
804202 804203
804203 807402
802501 804302
802602 804302
804302 804303
804302 804304
804302 807402
807402 809102
801302 801501
801305 801501
801402 801501
801501 801502
801501 801603
801501 801901
801501 804703
801501 807608
801501 808001
801601 801602
801601 801603
801601 802501
801601 801604
801602 801604
801603 801604
801604 802512
801604 802514
801604 805802
801601 801605
801602 801605
801603 801605
801604 801605
801601 801606
801602 801606
801603 801606
801604 801606
801605 801606
801601 801607
801602 801607
801603 801607
801604 801607
801605 801607
801606 801607
801602 802301
801603 802301
801604 802301
802003 802301
802301 802302
802301 805702
801201 801305
801201 802501
801201 802507
801201 802517
801302 801401
801401 801402
801401 801501
801401 801502
801401 801901
801401 802501
801401 802504
801401 802507
801401 802511
801401 802512
801401 802513
801401 802514
801401 802517
801401 802518
801302 801902
801305 801902
801401 801902
801901 801902
801902 802003
801902 802501
801201 802401
802401 802403
802401 802501
801201 803801
802401 803801
802403 803801
802501 803801
802601 803801
803701 803801
803801 804102
803801 804202
801501 807701
802501 807701
804501 807701
801401 809401
802501 809401
801902 802404
802401 802404
802403 802404
802404 802508
802504 803107
802507 803107
802511 803107
802512 803107
802513 803107
802514 803107
802517 803107
802518 803107
802507 808801
802513 808801
802517 808801
804303 808801
805702 808801
801901 802101
801902 802101
802101 802507
802101 802517
802101 804303
802101 808801
802403 802603
802507 802603
802517 802603
802601 802603
802602 802603
802603 804101
802603 804303
802603 804601
802603 808801
802507 802701
802517 802701
802601 802701
802602 802701
802603 802701
802701 803801
802701 804101
805001 805003
805002 805003
805003 805005
805001 805004
805002 805004
805003 805004
805004 805005
801401 807002
805701 807002
805702 807002
807002 807608
801401 807601
807601 807602
807601 807608
807601 807609
807601 807603
807602 807603
807603 807608
807603 807609
807601 807604
807602 807604
807603 807604
807604 807608
807604 807609
807601 807605
807602 807605
807603 807605
807604 807605
807605 807608
807605 807609
807601 807606
807602 807606
807603 807606
807604 807606
807605 807606
807606 807608
807606 807609
807601 807607
807602 807607
807603 807607
807604 807607
807605 807607
807606 807607
807607 807608
807607 807609
800401 801101
800401 801102
800401 808001
802003 804201
803801 804201
804101 804201
804201 804202
804201 804203
804201 804701
804201 807301
804201 808001
805802 806502
806206 806502
806401 806502
806502 808001
806401 807105
807002 807105
807105 808001
802518 808002
804304 808002
808001 808002
803801 808201
808001 808201
808201 808202
808001 808301
808201 808301
808001 808701
807701 808901
808001 808901
800301 800401
800301 801604
800301 802403
800301 804303
800301 804402
800301 807401
802101 802201
802201 802403
802201 804402
801902 802202
802101 802202
802201 802202
802202 802403
802202 802507
802401 802402
802402 802403
802402 802404
802402 804304
802401 802405
802402 802405
802403 802405
802404 802405
802401 802406
802402 802406
802403 802406
802404 802406
802405 802406
801201 803802
802403 803802
803801 803802
803802 804402
803802 808201
803802 808202
801102 801301
801201 801301
801301 801302
801301 801305
801301 801401
801301 801402
801301 802511
802601 802604
802602 802604
802603 802604
802601 802605
802602 802605
802603 802605
802604 802605
802504 802702
802602 802702
802605 802702
802701 802702
802602 803702
803701 803702
803702 804102
802602 804403
804202 804403
804302 804403
804304 804403
804402 804403
800401 800402
800402 801101
800301 800701
800701 801101
801004 801101
801004 801102
801004 801401
801004 801402
801101 801103
801102 801103
801101 801104
801102 801104
801103 801104
800402 802801
801101 802801
801102 802801
801101 808303
808301 808303
805601 805602
805601 805701
805601 806201
805601 806202
805701 805801
805801 805802
805801 806201
805801 806202
806201 806702
806702 807105
800101 800107
800101 800301
800101 800102
800102 800107
800102 800301
800101 800103
800102 800103
800103 800107
800101 800104
800102 800104
800103 800104
800104 800107
800101 800105
800102 800105
800103 800105
800104 800105
800105 800107
800101 800106
800102 800106
800103 800106
800104 800106
800105 800106
800106 800107
800101 800108
800102 800108
800103 800108
800104 800108
800105 800108
800106 800108
800107 800108
800108 801102
800102 800302
800107 800302
800301 800302
800107 800601
800601 802302
800107 800602
800108 800602
800601 800602
800602 800701
800602 802504
800107 800801
800301 800801
800801 802302
800101 800802
800102 800802
800301 800802
800302 800802
800701 800802
800801 800802
800802 801102
800802 807301
800802 808801
801002 801004
801002 801102
801102 807702
804703 807702
807701 807702
801102 808601
801302 808601
808301 808601
801401 801403
801402 801403
801401 801404
801402 801404
801403 801404
801402 801801
800401 807801
801302 807801
801305 807801
801402 807801
807801 808301
807801 808601
801301 807802
801302 807802
801402 807802
801502 807802
802604 807802
804703 807802
807801 807802
801301 808602
801402 808602
808601 808602
801402 808702
807801 808702
807802 808702
808601 808702
808602 808702
808701 808702
801402 809002
804501 809002
804703 809002
808202 809002
801902 802102
802003 802102
802101 802102
802102 802504
802102 802518
802102 803802
802102 804303
802102 804304
802102 808801
802201 803001
802202 803001
802302 803001
802507 803001
803001 803801
803001 804101
803001 808801
803001 808901
802510 803403
802510 803901
803901 803902
802510 809301
801004 801306
801301 801306
801302 801306
801305 801306
801306 801401
801306 801501
801306 801502
801306 802518
801306 807802
801306 808602
802202 803002
802518 803002
803001 803002
804101 804104
804102 804104
804103 804104
804104 804105
806001 806002
806001 806202
806001 806003
806002 806003
806001 806004
806002 806004
806003 806004
806001 806005
806002 806005
806003 806005
806004 806005
800501 801201
800501 801302
800501 801401
800501 801501
800501 801901
800501 801902
800501 806502
801001 801002
801001 801004
801001 801901
801901 801903
801902 801903
801901 801904
801902 801904
801903 801904
801904 802102
801904 803002
801301 808703
801302 808703
801306 808703
801901 808703
803205 808703
804402 808703
807303 808703
807801 808703
807802 808703
808602 808703
808701 808703
808702 808703
808703 809401
801901 808803
808801 808803
808803 808901
803701 803703
803702 803703
804004 804102
804004 804202
804002 804004
804002 804202
804201 804204
804202 804204
804203 804204
804201 804205
804202 804205
804203 804205
804204 804205
802302 804901
802601 804901
802801 804901
804202 804901
804901 805601
804901 805602
804901 805701
804901 805702
804901 805802
800301 804301
800302 804301
802601 804301
802702 804301
804101 804301
804201 804301
804301 804302
804301 804303
804301 804304
804301 804402
804301 807401
804301 809401
804301 804305
804302 804305
804303 804305
804304 804305
804301 804306
804302 804306
804303 804306
804304 804306
804305 804306
800302 804401
804303 804401
804401 804402
804401 804403
804303 809103
808201 809103
809102 809103
804501 804502
804501 804503
804502 804503
800801 804603
804601 804603
804602 804603
800801 804604
804601 804604
804602 804604
804603 804604
804701 804704
804702 804704
804703 804704
804701 804705
804702 804705
804703 804705
804704 804705
808102 808202
808102 808301
808201 808203
808202 808203
808201 808204
808202 808204
808203 808204
808102 808302
808202 808302
808301 808302
808302 808303
802001 802003
801902 802002
802001 802002
802002 802003
802001 802004
802002 802004
802003 802004
802001 802005
802002 802005
802003 802005
802004 802005
802601 804001
803801 804001
804001 804002
804001 804004
804001 804101
804001 804301
803501 803503
803502 803503
801902 803504
803501 803504
803502 803504
803503 803504
805506 807003
805507 807003
805701 807003
807002 807003
807003 807105
803001 806402
805701 806402
805702 806402
806401 806402
806402 806702
806402 807002
806402 807302
806401 806403
806402 806403
806401 806404
806402 806404
806403 806404
806404 806502
806401 806405
806402 806405
806403 806405
806404 806405
805702 806501
805802 806501
806401 806501
806501 806502
805702 806503
805802 806503
806401 806503
806501 806503
806502 806503
806401 806701
806402 806701
806701 806702
806701 807105
805701 806703
806401 806703
806501 806703
806701 806703
806702 806703
806703 807003
806401 806704
806501 806704
806701 806704
806702 806704
806703 806704
806704 807002
805701 806801
805702 806801
806401 806801
806701 806801
806703 806801
806704 806801
806801 807002
806801 807003
806801 807105
806401 806803
806801 806803
805701 807001
806401 807001
806502 807001
806703 807001
806801 807001
807001 807002
807001 807003
807001 807105
806401 807106
806502 807106
806701 807106
806702 807106
806703 807106
807001 807106
807002 807106
807003 807106
807105 807106
802201 803201
802202 803201
803201 803205
803002 803202
803201 803202
803202 803205
803201 803203
803202 803203
803203 803205
803201 803204
803202 803204
803203 803204
803204 803205
803201 803206
803202 803206
803203 803206
803204 803206
803205 803206
803201 803207
803202 803207
803203 803207
803204 803207
803205 803207
803206 803207
802102 803208
803002 803208
803201 803208
803202 803208
803203 803208
803204 803208
803205 803208
803206 803208
803207 803208
804901 805703
805701 805703
805702 805703
805703 806202
805703 807003
805701 805704
805702 805704
805703 805704
805704 806202
805701 805705
805702 805705
805703 805705
805704 805705
805701 805706
805702 805706
805703 805706
805704 805706
805705 805706
805701 805707
805702 805707
805703 805707
805704 805707
805705 805707
805706 805707
805701 805901
805702 805901
805901 806202
805901 806703
805901 807002
806301 806302
800802 806303
806301 806303
806302 806303
806301 806304
806302 806304
806303 806304
806301 806305
806302 806305
806303 806305
806304 806305
806202 806306
806301 806306
806302 806306
806303 806306
806304 806306
806305 806306
806301 807004
806801 807004
807001 807004
807002 807004
807003 807004
807004 807105
807004 807106
801201 801303
801301 801303
801302 801303
801303 801305
801303 801306
801303 801502
801303 807801
804401 804404
804402 804404
804403 804404
805201 805203
805201 805202
805202 805203
805201 805204
805202 805204
805203 805204
805201 805205
805202 805205
805203 805205
805204 805205
801301 801304
801302 801304
801303 801304
801304 801305
801304 801306
801301 801307
801302 801307
801303 801307
801304 801307
801305 801307
801306 801307
805901 806707
806501 806707
806701 806707
806702 806707
806703 806707
806704 806707
806707 807001
806707 807301
807301 807304
807302 807304
807303 807304
804901 805603
805601 805603
805602 805603
805603 806202
805601 805604
805602 805604
805603 805604
805601 805605
805602 805605
805603 805605
805604 805605
805801 805803
805802 805803
805801 805804
805802 805804
805803 805804
805802 807202
807004 807202
807105 807202
807106 807202
804901 805906
805901 805906
805906 806202
806101 806202
806101 806701
806101 806707
802102 806102
806101 806102
806102 806202
806202 807101
807101 807105
807101 807106
806202 807201
807003 807201
807105 807201
807106 807201
807201 807202
806202 807204
807002 807204
807201 807204
807202 807204
809101 809102
809101 809103
809101 809104
809102 809104
809103 809104
800302 800502
800501 800502
800502 801201
800501 801202
800502 801202
801201 801202
801202 801301
801202 802401
801202 803801
801002 801203
801201 801203
801202 801203
801203 802401
801203 803801
801201 801204
801202 801204
801203 801204
801201 801205
801202 801205
801203 801205
801204 801205
801401 807901
801801 801803
801803 801902
801803 802202
801902 802204
802201 802204
802202 802204
801902 803102
802102 803102
802202 803102
803001 803102
803002 803102
803102 803107
801902 803105
803102 803105
803105 803107
801902 803302
802201 803302
802201 802203
802202 802203
802203 802204
802203 803801
803801 803803
803802 803803
803801 803804
803802 803804
803803 803804
807802 809402
809401 809402
803101 803102
803101 803105
803101 803107
803101 803103
803102 803103
803103 803105
803103 803107
803101 803104
803102 803104
803103 803104
803104 803105
803104 803107
803101 803106
803102 803106
803103 803106
803104 803106
803105 803106
803106 803107
800108 800603
800601 800603
800602 800603
800603 808801
802102 808802
808801 808802
808802 808803
808801 808804
808802 808804
808803 808804
802101 808805
808801 808805
808802 808805
808803 808805
808804 808805
808805 808901
808801 808806
808802 808806
808803 808806
808804 808806
808805 808806
802101 808807
808801 808807
808802 808807
808803 808807
808804 808807
808805 808807
808806 808807
808807 808901
808801 808808
808802 808808
808803 808808
808804 808808
808805 808808
808806 808808
808807 808808
808801 808902
808802 808902
808804 808902
808806 808902
808901 808902
802101 802103
802102 802103
802101 802104
802102 802104
802103 802104
802101 802105
802102 802105
802103 802105
802104 802105
802101 802106
802102 802106
802103 802106
802104 802106
802105 802106
802701 802703
802702 802703
802701 802704
802702 802704
802703 802704
802701 802705
802702 802705
802703 802705
802704 802705
802701 804003
804001 804003
804002 804003
804003 804004
805901 805902
805902 805906
805902 807002
805902 807004
806101 806106
806102 806106
806106 807002
806801 806806
806803 806806
806806 807002
806901 807002
806901 807003
804901 807005
807001 807005
807002 807005
807003 807005
807004 807005
804901 807006
807001 807006
807002 807006
807003 807006
807004 807006
807005 807006
800401 800403
800402 800403
806501 806504
806502 806504
806503 806504
806504 806707
804901 809201
806502 809201
804901 805905
805901 805905
805902 805905
805905 805906
805905 807105
805905 807106
806901 806903
806903 807105
807101 807102
807102 807105
807102 807106
807101 807103
807102 807103
807103 807105
807103 807106
807101 807104
807102 807104
807103 807104
807104 807105
807104 807106
808101 808102
808101 808201
808101 808301
808101 808302
808201 809001
809001 809002
808301 808304
808302 808304
808303 808304
808301 808401
808302 808401
808701 808704
808702 808704
808703 808704
808901 808903
808902 808903
800301 800303
800302 800303
800301 800304
800302 800304
800303 800304
800301 800702
800302 800702
800602 800702
800701 800702
800702 800802
800402 800705
800602 800705
800603 800705
800701 800705
800702 800705
800705 800802
800701 800703
800702 800703
800703 800705
800701 800704
800702 800704
800703 800704
800704 800705
801001 801003
801002 801003
801003 801004
801003 808703
802801 802802
802801 802803
802802 802803
804301 806601
806601 806701
806601 806702
806601 806704
806701 806705
806702 806705
806703 806705
806704 806705
806705 806707
806701 806706
806702 806706
806703 806706
806704 806706
806705 806706
806706 806707
806702 806802
806704 806802
806801 806802
806802 806803
806802 806806
806802 807004
806802 807106
800202 800302
800302 800901
800603 800901
800302 801701
800601 801703
801701 801703
800602 800803
800801 800803
800802 800803
800801 800804
800802 800804
800803 800804
808601 808603
808602 808603
808601 808604
808602 808604
808603 808604
801801 801802
801802 801803
801801 801804
801802 801804
801803 801804
801801 801805
801802 801805
801803 801805
801804 801805
807801 807803
807802 807803
807801 808501
808302 808501
807802 808502
808501 808502
809001 809003
809002 809003
809001 809004
809002 809004
809003 809004
809001 809005
809002 809005
809003 809005
809004 809005
803001 803003
803002 803003
803001 803004
803002 803004
803003 803004
803001 803301
803301 803302
803401 803403
803401 803402
803402 803403
803401 803404
803402 803404
803403 803404
809301 809302
809301 809303
809302 809303
809301 809304
809302 809304
809303 809304
809301 809305
809302 809305
809303 809305
809304 809305
809301 809306
809302 809306
809303 809306
809304 809306
809305 809306
800501 800503
800502 800503
800503 801203
800501 800504
800502 800504
800503 800504
804001 804005
804002 804005
804003 804005
804004 804005
804001 804006
804002 804006
804003 804006
804004 804006
804005 804006
804001 804007
804002 804007
804003 804007
804004 804007
804005 804007
804006 804007
804901 804902
804901 804903
804902 804903
806801 806804
806802 806804
806803 806804
806804 806806
806801 806805
806802 806805
806803 806805
806804 806805
806805 806806
805901 805903
805902 805903
805903 805905
805903 805906
805901 805904
805902 805904
805903 805904
805904 805905
805904 805906
806707 806902
806901 806902
806902 806903
806707 807203
807201 807203
807202 807203
807203 807204
806101 806103
806102 806103
806103 806106
806101 806104
806102 806104
806103 806104
806104 806106
806101 806105
806102 806105
806103 806105
806104 806105
806105 806106
807901 807902
807901 807903
807902 807903
807901 807904
807902 807904
807903 807904
807901 807905
807902 807905
807903 807905
807904 807905
803301 803303
803302 803303
803301 803304
803302 803304
803303 803304
806901 806904
806902 806904
806903 806904
806901 806905
806902 806905
806903 806905
806904 806905
809201 809202
809201 809203
809202 809203
806601 806602
806601 806603
806602 806603
800201 800202
800201 800203
800202 800203
800201 800204
800202 800204
800203 800204
800201 800205
800202 800205
800203 800205
800204 800205
800901 800902
800901 800903
800902 800903
801701 801702
801702 801703
801701 801704
801702 801704
801703 801704
801701 801705
801702 801705
801703 801705
801704 801705
801701 801706
801702 801706
801703 801706
801704 801706
801705 801706
801701 801707
801702 801707
801703 801707
801704 801707
801705 801707
801706 801707
801701 801708
801702 801708
801703 801708
801704 801708
801705 801708
801706 801708
801707 801708
808501 808503
808502 808503
808501 808504
808502 808504
808503 808504